,x,y,y_pred
0,5.01,1994,2381.61953203996
1,5.03,1999,2372.986102730614
2,5.05,1984,2364.443512985651
3,5.07,2005,2355.9913607709714
4,5.09,2029,2347.6292448526674
5,5.11,1951,2339.356764797253
6,5.13,2084,2331.173520971867
7,5.15,1925,2323.0791145444864
8,5.17,1974,2315.073147484133
9,5.19,2004,2307.1552225610712
10,5.21,1966,2299.3249433470055
11,5.23,1996,2291.581914215276
12,5.25,1975,2283.925740341041
13,5.27,2001,2276.3560277014676
14,5.29,1983,2268.8723830759027
15,5.31,1980,2261.4744140460543
16,5.33,2070,2254.161728996166
17,5.35,2049,2246.9339371131728
18,5.37,2110,2239.7906483868755
19,5.39,2055,2232.731473610089
20,5.41,2036,2225.756024378803
21,5.43,2036,2218.8639130923357
22,5.45,1928,2212.054752953465
23,5.47,2010,2205.3281579685863
24,5.49,2033,2198.68374294784
25,5.51,1969,2192.1211235052488
26,5.53,2086,2185.6399160588444
27,5.55,2031,2179.239737830796
28,5.57,2019,2172.920206847528
29,5.59,1948,2166.680941939836
30,5.61,2073,2160.5215627430007
31,5.63,1996,2154.4416896968996
32,5.65,2074,2148.4409440461022
33,5.67,2047,2142.5189478399807
34,5.69,2067,2136.6753239327973
35,5.71,2078,2130.9096959838025
36,5.73,2067,2125.221688457317
37,5.75,2065,2119.6109266228186
38,5.77,2051,2114.077036555025
39,5.79,2021,2108.6196451339565
40,5.81,1994,2103.238380045026
41,5.83,1981,2097.9328697790916
42,5.85,2036,2092.7027436325243
43,5.87,2018,2087.54763170727
44,5.89,2078,2082.467164910897
45,5.91,2009,2077.460974956657
46,5.93,2014,2072.5286943635256
47,5.95,2089,2067.669956456247
48,5.97,2037,2062.8843953653686
49,5.99,1991,2058.1716460272837
50,6.01,2053,2053.5313441842573
51,6.03,2071,2048.963126384453
52,6.05,2118,2044.4666299819582
53,6.07,2122,2040.0414931367995
54,6.09,2055,2035.6873548149606
55,6.11,2053,2031.403854788393
56,6.13,2101,2027.1906336350175
57,6.15,2071,2023.0473327387353
58,6.17,2028,2018.9735942894222
59,6.19,2090,2014.9690612829218
60,6.21,2059,2011.033377521041
61,6.23,2073,2007.166187611535
62,6.25,2098,2003.367136968086
63,6.27,2061,1999.6358718102929
64,6.29,2114,1995.9720391636356
65,6.31,2071,1992.375286859453
66,6.33,2064,1988.845263534903
67,6.35,2123,1985.3816186329368
68,6.37,2104,1981.9840024022524
69,6.39,2095,1978.6520658972468
70,6.41,2070,1975.385460977971
71,6.43,2048,1972.1838403100828
72,6.45,2069,1969.0468573647822
73,6.47,2218,1965.9741664187568
74,6.49,2077,1962.9654225541144
75,6.51,2032,1960.0202816583205
76,6.53,2058,1957.1384004241236
77,6.55,2057,1954.3194363494767
78,6.57,2027,1951.5630477374652
79,6.59,2008,1948.868893696218
80,6.61,2045,1946.2366341388206
81,6.63,1991,1943.6659297832357
82,6.65,2136,1941.1564421521862
83,6.67,2066,1938.7078335730794
84,6.69,2099,1936.3197671778935
85,6.71,2081,1933.991906903072
86,6.73,2017,1931.7239174894166
87,6.75,2106,1929.515464481974
88,6.77,2112,1927.3662142299163
89,6.79,2061,1925.2758338864214
90,6.81,2129,1923.243991408548
91,6.83,2086,1921.2703555571052
92,6.85,2019,1919.354595896526
93,6.87,2028,1917.4963827947186
94,6.89,2142,1915.6953874229466
95,6.91,2043,1913.9512817556651
96,6.93,2060,1912.263738570381
97,6.95,2029,1910.6324314475096
98,6.97,2021,1909.0570347702105
99,6.99,2143,1907.53722372423
100,7.01,2143,1906.0726742977404
101,7.03,2005,1904.6630632811784
102,7.05,2060,1903.3080682670698
103,7.07,2128,1902.007367649856
104,7.09,2101,1900.7606406257219
105,7.11,2121,1899.5675671924137
106,7.13,2041,1898.427828149046
107,7.15,2106,1897.341105095933
108,7.17,2061,1896.3070804343752
109,7.19,2059,1895.3254373664786
110,7.21,2074,1894.3958598949557
111,7.23,2076,1893.5180328229098
112,7.25,2080,1892.691641753645
113,7.27,1967,1891.9163730904447
114,7.29,2119,1891.1919140363698
115,7.31,2106,1890.5179525940257
116,7.33,2094,1889.8941775653584
117,7.35,2070,1889.3202785514159
118,7.37,2105,1888.795945952139
119,7.39,2113,1888.320870966103
120,7.41,2037,1887.8947455903108
121,7.43,2000,1887.5172626199355
122,7.45,2058,1887.188115648084
123,7.47,2001,1886.9069990655562
124,7.49,2145,1886.673608060587
125,7.51,1992,1886.4876386186015
126,7.53,2090,1886.3487875219525
127,7.55,1993,1886.2567523496673
128,7.57,2128,1886.2112314771794
129,7.59,2143,1886.2119240760576
130,7.61,2124,1886.258530113747
131,7.63,2078,1886.35075035329
132,7.65,2041,1886.488286353042
133,7.67,2064,1886.6708404664014
134,7.69,2087,1886.8981158415218
135,7.71,2087,1887.1698164210184
136,7.73,2009,1887.4856469416827
137,7.75,2099,1887.8453129341851
138,7.77,2085,1888.2485207227837
139,7.79,2042,1888.6949774250088
140,7.81,2071,1889.184390951369
141,7.83,2058,1889.716470005038
142,7.85,2100,1890.2909240815488
143,7.87,2113,1890.9074634684666
144,7.89,2145,1891.5657992450797
145,7.91,2056,1892.265643282074
146,7.93,2062,1893.006708241207
147,7.95,2090,1893.7887075749768
148,7.97,2068,1894.6113555262982
149,7.99,2094,1895.4743671281512
150,8.01,2069,1896.377458203262
151,8.03,2036,1897.3203453637416
152,8.05,2065,1898.3027460107423
153,8.07,2034,1899.3243783341259
154,8.09,2103,1900.384961312091
155,8.11,1993,1901.484214710823
156,8.13,2075,1902.6218590841445
157,8.15,2140,1903.797615773129
158,8.17,2170,1905.0112069057677
159,8.19,2115,1906.262355396565
160,8.21,2028,1907.550784946191
161,8.23,2138,1908.8762200410956
162,8.25,2165,1910.23838595313
163,8.27,2032,1911.6370087391651
164,8.29,2088,1913.0718152407044
165,8.31,2129,1914.5425330834905
166,8.33,2053,1916.0488906771252
167,8.35,2211,1917.590617214656
168,8.37,2020,1919.1674426721884
169,8.39,2017,1920.7790978084913
170,8.41,2049,1922.4253141645668
171,8.43,2064,1924.105824063262
172,8.45,2065,1925.82036060885
173,8.47,2160,1927.5686576866146
174,8.49,2058,1929.350449962435
175,8.51,2067,1931.1654728823496
176,8.53,1982,1933.0134626721592
177,8.55,2033,1934.8941563369644
178,8.57,2061,1936.8072916607607
179,8.59,2090,1938.7526072059918
180,8.61,2109,1940.7298423131106
181,8.63,2067,1942.7387371001487
182,8.65,2097,1944.7790324622547
183,8.67,2139,1946.8504700712647
184,8.69,2091,1948.9527923752403
185,8.71,2086,1951.0857425980212
186,8.73,2046,1953.249064738753
187,8.75,2107,1955.4425035714557
188,8.77,2109,1957.6658046445345
189,8.79,2078,1959.9187142803194
190,8.81,2050,1962.2009795746044
191,8.83,2124,1964.5123483961688
192,8.85,2101,1966.8525693862966
193,8.87,2144,1969.2213919583064
194,8.89,2179,1971.6185662970693
195,8.91,2109,1974.0438433585105
196,8.93,2069,1976.4969748691346
197,8.95,2023,1978.9777133255348
198,8.97,2068,1981.4858119938863
199,8.99,2092,1984.0210249094607
200,9.01,2095,1986.5831068761163
201,9.03,2118,1989.1718134658076
202,9.05,2140,1991.7869010180611
203,9.07,2090,1994.4281266394764
204,9.09,2095,1997.0952482032217
205,9.11,2095,1999.7880243484897
206,9.13,2040,2002.5062144800095
207,9.15,2161,2005.2495787675098
208,9.17,2145,2008.0178781451905
209,9.19,2133,2010.8108743112107
210,9.21,2103,2013.6283297271375
211,9.23,2107,2016.4700076174295
212,9.25,2080,2019.335671968891
213,9.27,2115,2022.2250875301224
214,9.29,2086,2025.1380198110046
215,9.31,2066,2028.0742350821329
216,9.33,2052,2031.0335003742593
217,9.35,2099,2034.0155834777706
218,9.37,2148,2037.0202529421094
219,9.39,2110,2040.0472780752189
220,9.41,2047,2043.096428942994
221,9.43,2094,2046.1674763687088
222,9.45,2022,2049.2601919324525
223,9.47,2078,2052.3743479705536
224,9.49,2118,2055.5097175750207
225,9.51,2024,2058.666074592955
226,9.53,2064,2061.8431936259803
227,9.55,2089,2065.0408500296553
228,9.57,2054,2068.258819912893
229,9.59,2147,2071.496880137377
230,9.61,2112,2074.754808316967
231,9.63,2171,2078.032382817105
232,9.65,2077,2081.3293827542266
233,9.67,2149,2084.6455879951536
234,9.69,2077,2087.980779156498
235,9.71,2085,2091.33473760407
236,9.73,2045,2094.707245452232
237,9.75,2119,2098.098085563348
238,9.77,2097,2101.5070415471137
239,9.79,2092,2104.9338977599755
240,9.81,2107,2108.378439304508
241,9.83,2142,2111.840452028777
242,9.85,2263,2115.31972252573
243,9.87,2137,2118.8160381325742
244,9.89,2078,2122.3291869301256
245,9.91,2056,2125.8589577422026
246,9.93,2176,2129.4051401349707
247,9.95,2110,2132.9675244163163
248,9.97,2139,2136.5459016351997
249,9.99,2158,2140.1400635810187
250,10.01,2075,2143.749802782957
251,10.03,2033,2147.3749125093327
252,10.05,2125,2151.0151867669574
253,10.07,2111,2154.670420300471
254,10.09,2110,2158.340408591698
255,10.11,2176,2162.0249478589694
256,10.13,2168,2165.7238350564758
257,10.15,2206,2169.436867873588
258,10.17,2086,2173.163844734211
259,10.19,2162,2176.904564796092
260,10.21,2188,2180.6588279501593
261,10.23,2194,2184.4264348198394
262,10.25,2181,2188.2071867603754
263,10.27,2147,2192.0008858581723
264,10.29,2173,2195.807334930074
265,10.31,2174,2199.6263375227
266,10.33,2131,2203.457697911759
267,10.35,2045,2207.3012211013383
268,10.37,2132,2211.1567128232346
269,10.39,2197,2215.023979536225
270,10.41,2214,2218.9028284254055
271,10.43,2172,2222.793067401447
272,10.45,2129,2226.6945050999393
273,10.47,2195,2230.606950880634
274,10.49,2132,2234.5302148267556
275,10.51,2179,2238.464107744302
276,10.53,2190,2242.408441161315
277,10.55,2128,2246.36302732715
278,10.57,2182,2250.327679211792
279,10.59,2227,2254.302210505085
280,10.61,2169,2258.286435616048
281,10.63,2120,2262.280169672128
282,10.65,2201,2266.283228518464
283,10.67,2196,2270.2954287171706
284,10.69,2178,2274.316587546584
285,10.71,2201,2278.346523000535
286,10.73,2185,2282.3850537876015
287,10.75,2198,2286.4319993303843
288,10.77,2295,2290.4871797647156
289,10.79,2222,2294.5504159389766
290,10.81,2180,2298.62152941328
291,10.83,2233,2302.7003424587665
292,10.85,2242,2306.7866780568174
293,10.87,2226,2310.8803598983195
294,10.89,2184,2314.981212382875
295,10.91,2226,2319.089060618079
296,10.93,2198,2323.2037304187124
297,10.95,2288,2327.325048306002
298,10.97,2206,2331.452841506839
299,10.99,2237,2335.5869379529922
300,11.01,2216,2339.7271662803696
301,11.03,2163,2343.8733558281983
302,11.05,2250,2348.0253366382785
303,11.07,2262,2352.1829394541737
304,11.09,2235,2356.345995720445
305,11.11,2221,2360.514337581848
306,11.13,2285,2364.687797882555
307,11.15,2203,2368.8662101653617
308,11.17,2325,2373.049408670876
309,11.19,2328,2377.2372283367495
310,11.21,2139,2381.4295047968453
311,11.23,2194,2385.626074380465
312,11.25,2317,2389.8267741115224
313,11.27,2387,2394.031441707759
314,11.29,2306,2398.2399155798994
315,11.31,2309,2402.4520348308897
316,11.33,2264,2406.6676392550344
317,11.35,2212,2410.8865693372154
318,11.37,2250,2415.108666252054
319,11.39,2356,2419.333771863103
320,11.41,2260,2423.561728722015
321,11.43,2268,2427.79238006772
322,11.45,2346,2432.0255698255933
323,11.47,2271,2436.261142606636
324,11.49,2264,2440.498943706628
325,11.51,2347,2444.7388191053196
326,11.53,2299,2448.980615465558
327,11.55,2335,2453.2241801324817
328,11.57,2296,2457.4693611326575
329,11.59,2363,2461.7160071732496
330,11.61,2276,2465.963967641168
331,11.63,2388,2470.2130926022164
332,11.65,2282,2474.4632328002554
333,11.67,2344,2478.714239656333
334,11.69,2272,2482.965965267853
335,11.71,2370,2487.2182624076913
336,11.73,2307,2491.47098452335
337,11.75,2329,2495.7239857360955
338,11.77,2371,2499.977120840109
339,11.79,2337,2504.230245301591
340,11.81,2402,2508.4832152579156
341,11.83,2293,2512.7358875167556
342,11.85,2315,2516.9881195552007
343,11.87,2360,2521.239769518903
344,11.89,2342,2525.490696221189
345,11.91,2308,2529.7407591421643
346,11.93,2302,2533.98981842787
347,11.95,2371,2538.2377348893633
348,11.97,2364,2542.4843700018555
349,11.99,2302,2546.7295859038177
350,12.01,2396,2550.9732453960887
351,12.03,2364,2555.215211940995
352,12.05,2461,2559.4553496614253
353,12.07,2388,2563.6935233399972
354,12.09,2453,2567.9295984180717
355,12.11,2419,2572.1634409949365
356,12.13,2389,2576.3949178268676
357,12.15,2232,2580.623896326212
358,12.17,2318,2584.850244560499
359,12.19,2462,2589.073831251545
360,12.21,2407,2593.294525774516
361,12.23,2408,2597.512198157021
362,12.25,2448,2601.7267190782204
363,12.27,2344,2605.937959867878
364,12.29,2470,2610.1457925054783
365,12.31,2558,2614.3500896192727
366,12.33,2382,2618.5507244853616
367,12.35,2435,2622.7475710268045
368,12.37,2455,2626.940503812628
369,12.39,2451,2631.1293980569926
370,12.41,2346,2635.3141296181557
371,12.43,2508,2639.494574997625
372,12.45,2502,2643.670611339169
373,12.47,2457,2647.842116427908
374,12.49,2486,2652.008968689377
375,12.51,2332,2656.171047188567
376,12.53,2427,2660.328231628996
377,12.55,2442,2664.4804023517718
378,12.57,2410,2668.627440334629
379,12.59,2469,2672.7692271909855
380,12.61,2548,2676.9056451689985
381,12.63,2475,2681.0365771506085
382,12.65,2526,2685.161906650592
383,12.67,2373,2689.2815178155943
384,12.69,2572,2693.3952954231827
385,12.71,2484,2697.5031248808746
386,12.73,2472,2701.604892225202
387,12.75,2525,2705.700484120698
388,12.77,2498,2709.7897878589956
389,12.79,2512,2713.8726913578175
390,12.81,2494,2717.9490831600224
391,12.83,2568,2722.018852432603
392,12.85,2413,2726.081888965783
393,12.87,2492,2730.1380831719725
394,12.89,2448,2734.1873260848315
395,12.91,2543,2738.229509358269
396,12.93,2537,2742.264525265484
397,12.95,2496,2746.2922666979666
398,12.97,2512,2750.3126271645287
399,12.99,2616,2754.3255007903017
400,13.01,2538,2758.330782315772
401,13.03,2633,2762.3283670957608
402,13.05,2510,2766.3181510984678
403,13.07,2552,2770.30003090445
404,13.09,2647,2774.273903705659
405,13.11,2507,2778.239667304396
406,13.13,2511,2782.197220112367
407,13.15,2593,2786.146461149653
408,13.17,2660,2790.0872900437007
409,13.19,2511,2794.0196070283637
410,13.21,2559,2797.943312942837
411,13.23,2566,2801.8583092306935
412,13.25,2703,2805.7644979388733
413,13.27,2619,2809.661781716647
414,13.29,2717,2813.5500638146295
415,13.31,2561,2817.429248083755
416,13.33,2639,2821.299238974266
417,13.35,2733,2825.1599415346845
418,13.37,2594,2829.0112614108266
419,13.39,2660,2832.8531048447267
420,13.41,2639,2836.685378673682
421,13.43,2611,2840.5079903291726
422,13.45,2602,2844.320847835864
423,13.47,2705,2848.123859810574
424,13.49,2705,2851.9169354612504
425,13.51,2580,2855.6999845859327
426,13.53,2712,2859.4729175717193
427,13.55,2733,2863.235645393742
428,13.57,2592,2866.9880796141333
429,13.59,2690,2870.730132380956
430,13.61,2717,2874.461716427224
431,13.63,2679,2878.1827450698156
432,13.65,2802,2881.893132208442
433,13.67,2693,2885.59279232462
434,13.69,2798,2889.281640480608
435,13.71,2695,2892.9595923183697
436,13.73,2661,2896.626564058515
437,13.75,2692,2900.282472499289
438,13.77,2806,2903.927235015458
439,13.79,2741,2907.560769557309
440,13.81,2733,2911.182994649572
441,13.83,2734,2914.793829390367
442,13.85,2697,2918.3931934501634
443,13.87,2797,2921.9810070706853
444,13.89,2693,2925.5571910638973
445,13.91,2824,2929.1216668109028
446,13.93,2718,2932.67435626089
447,13.95,2659,2936.215181930097
448,13.97,2671,2939.7440669007074
449,13.99,2889,2943.2609348197984
450,14.01,2780,2946.7657098982754
451,14.03,2794,2950.2583169097925
452,14.05,2918,2953.7386811896877
453,14.07,2877,2957.206728633897
454,14.09,2795,2960.6623856978995
455,14.11,2711,2964.105579395633
456,14.13,2773,2967.5362372983873
457,14.15,2849,2970.9542875337847
458,14.17,2862,2974.3596587846396
459,14.19,2879,2977.752280287911
460,14.21,2860,2981.132081833606
461,14.23,2863,2984.4989937636974
462,14.25,2836,2987.8529469710365
463,14.27,2880,2991.1938728982686
464,14.29,2823,2994.5217035367305
465,14.31,2862,2997.8363714253937
466,14.33,2884,3001.13780964972
467,14.35,2882,3004.425951840619
468,14.37,2906,3007.70073217332
469,14.39,2835,3010.962085366282
470,14.41,2927,3014.209946680109
471,14.43,2915,3017.4442519164495
472,14.45,2914,3020.6649374168655
473,14.47,2900,3023.8719400617783
474,14.49,2843,3027.0651972693404
475,14.51,2857,3030.244646994308
476,14.53,2995,3033.4102277269867
477,14.55,2881,3036.561878492086
478,14.57,2992,3039.699538847629
479,14.59,2979,3042.8231488838273
480,14.61,2966,3045.9326492219916
481,14.63,3009,3049.0279810133925
482,14.65,2979,3052.109085938181
483,14.67,2932,3055.175906204251
484,14.69,2976,3058.228384546099
485,14.71,3051,3061.266464223778
486,14.73,2949,3064.2900890217134
487,14.75,2881,3067.2992032475895
488,14.77,2923,3070.2937517312876
489,14.79,3010,3073.273679823682
490,14.81,2929,3076.238933395586
491,14.83,2984,3079.189458836572
492,14.85,3041,3082.12520305388
493,14.87,2954,3085.0461134712905
494,14.89,2985,3087.9521380279784
495,14.91,3044,3090.8432251773847
496,14.93,3051,3093.7193238861046
497,14.95,3054,3096.580383632743
498,14.97,3060,3099.4263544067735
499,14.99,3143,3102.2571867074103
500,15.01,3073,3105.0728315424976
501,15.03,2953,3107.8732404273414
502,15.05,3170,3110.6583653835723
503,15.07,3103,3113.4281589380134
504,15.09,3038,3116.182574121557
505,15.11,3163,3118.9215644680035
506,15.13,3008,3121.6450840129182
507,15.15,3096,3124.3530872924966
508,15.17,3136,3127.0455293424284
509,15.19,3061,3129.72236569673
510,15.21,3006,3132.3835523866064
511,15.23,3149,3135.029045939311
512,15.25,3103,3137.6588033769904
513,15.27,3026,3140.2727822155402
514,15.29,3110,3142.87094046344
515,15.31,3149,3145.4532366206204
516,15.33,3209,3148.0196296772847
517,15.35,3136,3150.5700791127883
518,15.37,3126,3153.1045448944415
519,15.39,3202,3155.622987476404
520,15.41,3170,3158.125367798476
521,15.43,3128,3160.6116472849626
522,15.45,3251,3163.0817878435473
523,15.47,3120,3165.535751864065
524,15.49,3162,3167.973502217368
525,15.51,3127,3170.3950022542094
526,15.53,3160,3172.8002158040126
527,15.55,3221,3175.1891071737437
528,15.57,3179,3177.5616411467163
529,15.59,3192,3179.91778298147
530,15.61,3184,3182.2574984105786
531,15.63,3130,3184.5807536394586
532,15.65,3210,3186.887515345242
533,15.67,3275,3189.1777506755725
534,15.69,3162,3191.4514272474553
535,15.71,3096,3193.708513146089
536,15.73,3161,3195.9489769236498
537,15.75,3214,3198.1727875981815
538,15.77,3256,3200.3799146523625
539,15.79,3239,3202.5703280323523
540,15.81,3183,3204.743998146644
541,15.83,3191,3206.9008958648355
542,15.85,3257,3209.0409925164768
543,15.87,3223,3211.1642598899025
544,15.89,3353,3213.2706702310143
545,15.91,3205,3215.36019624213
546,15.93,3359,3217.432811080809
547,15.95,3226,3219.488488358633
548,15.97,3168,3221.5272021400397
549,15.99,3236,3223.5489269411564
550,16.01,3324,3225.553637728589
551,16.03,3264,3227.5413099182424
552,16.05,3230,3229.511919374142
553,16.07,3316,3231.465442407246
554,16.09,3402,3233.4018557742165
555,16.11,3319,3235.321136676296
556,16.13,3247,3237.223262758068
557,16.15,3390,3239.1082121062864
558,16.17,3356,3240.975963248654
559,16.19,3282,3242.8264951526853
560,16.21,3335,3244.659787224461
561,16.23,3356,3246.475819307454
562,16.25,3387,3248.274571681335
563,16.27,3390,3250.056025060776
564,16.29,3310,3251.820160594244
565,16.31,3183,3253.566959862803
566,16.33,3278,3255.2964048789327
567,16.35,3309,3257.008478085323
568,16.37,3309,3258.703162353653
569,16.39,3364,3260.380440983421
570,16.41,3390,3262.040297700729
571,16.43,3273,3263.682716657054
572,16.45,3351,3265.3076824281334
573,16.47,3342,3266.915180012619
574,16.49,3428,3268.5051948310247
575,16.51,3436,3270.077712724392
576,16.53,3397,3271.6327199532025
577,16.55,3524,3273.170203196046
578,16.57,3400,3274.6901495485254
579,16.59,3436,3276.1925465220083
580,16.61,3479,3277.677382042376
581,16.63,3453,3279.1446444488665
582,16.65,3382,3280.594322492846
583,16.67,3317,3282.0264053366363
584,16.69,3440,3283.4408825522305
585,16.71,3292,3284.8377441201374
586,16.73,3384,3286.216980428135
587,16.75,3416,3287.578582270108
588,16.77,3540,3288.922540844779
589,16.79,3520,3290.248847754534
590,16.81,3454,3291.557495004169
591,16.83,3547,3292.848474999718
592,16.85,3361,3294.1217805471906
593,16.87,3529,3295.3774048514206
594,16.89,3503,3296.615341514769
595,16.91,3499,3297.8355845359874
596,16.93,3445,3299.038128308928
597,16.95,3467,3300.2229676213638
598,16.97,3427,3301.39009765378
599,16.99,3383,3302.5395139781067
600,17.01,3503,3303.671212556568
601,17.03,3482,3304.7851897403907
602,17.05,3449,3305.8814422686273
603,17.07,3479,3306.95996726691
604,17.09,3563,3308.020762246264
605,17.11,3512,3309.0638251018336
606,17.13,3420,3310.0891541117
607,17.15,3458,3311.096747935653
608,17.17,3378,3312.0866056139394
609,17.19,3478,3313.0587265660506
610,17.21,3485,3314.0131105895225
611,17.23,3570,3314.9497578586943
612,17.25,3431,3315.8686689234446
613,17.27,3478,3316.769844708034
614,17.29,3374,3317.6532865098134
615,17.31,3463,3318.51899599805
616,17.33,3498,3319.3669752126707
617,17.35,3458,3320.197226563022
618,17.37,3391,3321.0097528266724
619,17.39,3425,3321.8045571481643
620,17.41,3489,3322.581643037787
621,17.43,3353,3323.3410143703395
622,17.45,3449,3324.08267538392
623,17.47,3384,3324.8066306786886
624,17.49,3434,3325.512885215603
625,17.51,3409,3326.2014443152693
626,17.53,3405,3326.872313656593
627,17.55,3460,3327.5254992756454
628,17.57,3391,3328.161007564392
629,17.59,3439,3328.778845269462
630,17.61,3436,3329.379019490916
631,17.63,3330,3329.9615376809907
632,17.65,3429,3330.526407642931
633,17.67,3342,3331.0736375296656
634,17.69,3448,3331.603235842641
635,17.71,3393,3332.115211430574
636,17.73,3316,3332.609573488181
637,17.75,3460,3333.086331554974
638,17.77,3523,3333.5454955140312
639,17.79,3431,3333.987075590746
640,17.81,3446,3334.4110823515857
641,17.83,3355,3334.8175267028273
642,17.85,3440,3335.2064198894395
643,17.87,3377,3335.577773493681
644,17.89,3471,3335.931599433993
645,17.91,3409,3336.267909963668
646,17.93,3375,3336.586717669694
647,17.95,3458,3336.8880354714647
648,17.97,3460,3337.1718766195354
649,17.99,3421,3337.4382546944416
650,18.01,3409,3337.687183605379
651,18.03,3475,3337.9186775890375
652,18.05,3387,3338.1327512083144
653,18.07,3468,3338.3294193511156
654,18.09,3455,3338.5086972290574
655,18.11,3457,3338.670600376283
656,18.13,3479,3338.8151446482025
657,18.15,3423,3338.9423462202485
658,18.17,3365,3339.052221586622
659,18.19,3359,3339.14478755909
660,18.21,3445,3339.2200612657316
661,18.23,3339,3339.2780601496343
662,18.25,3408,3339.3188019677755
663,18.27,3491,3339.342304789684
664,18.29,3500,3339.3485869962215
665,18.31,3394,3339.337667278347
666,18.33,3549,3339.3095646358806
667,18.35,3449,3339.264298376288
668,18.37,3396,3339.2018881133354
669,18.39,3490,3339.1223537660026
670,18.41,3443,3339.0257155571144
671,18.43,3417,3338.9119940121373
672,18.45,3409,3338.781209957978
673,18.47,3510,3338.6333845216677
674,18.49,3284,3338.4685391291805
675,18.51,3475,3338.286695504182
676,18.53,3442,3338.0878756667544
677,18.55,3396,3337.872101932162
678,18.57,3460,3337.6393969096644
679,18.59,3474,3337.3897835012003
680,18.61,3500,3337.123284900178
681,18.63,3464,3336.839924590229
682,18.65,3390,3336.5397263440036
683,18.67,3370,3336.2227142218153
684,18.69,3452,3335.8889125705628
685,18.71,3469,3335.5383460223293
686,18.73,3472,3335.171039493265
687,18.75,3452,3334.787018182269
688,18.77,3609,3334.3863075697345
689,18.79,3350,3333.9689334164204
690,18.81,3496,3333.534921762038
691,18.83,3428,3333.0842989241546
692,18.85,3569,3332.6170914968798
693,18.87,3395,3332.13332634967
694,18.89,3516,3331.6330306260006
695,18.91,3430,3331.1162317422104
696,18.93,3475,3330.582957386252
697,18.95,3435,3330.033235516348
698,18.97,3528,3329.467094359943
699,18.99,3454,3328.8845624122487
700,19.01,3346,3328.285668435139
701,19.03,3498,3327.6704414558844
702,19.05,3541,3327.0389107658348
703,19.07,3522,3326.391105919315
704,19.09,3474,3325.727056732274
705,19.11,3439,3325.0467932810716
706,19.13,3445,3324.35034590125
707,19.15,3487,3323.6377451862745
708,19.17,3484,3322.909021986342
709,19.19,3403,3322.1642074070332
710,19.21,3414,3321.4033328082496
711,19.23,3315,3320.6264298027527
712,19.25,3427,3319.8335302551086
713,19.27,3439,3319.0246662803665
714,19.29,3398,3318.1998702428073
715,19.31,3455,3317.3591747547516
716,19.33,3411,3316.502612675279
717,19.35,3446,3315.6302171090147
718,19.37,3464,3314.742021404886
719,19.39,3423,3313.8380591548603
720,19.41,3451,3312.9183641927575
721,19.43,3400,3311.982970592944
722,19.45,3619,3311.031912669164
723,19.47,3460,3310.0652249732566
724,19.49,3482,3309.082942293914
725,19.51,3496,3308.0850996555146
726,19.53,3477,3307.0717323167737
727,19.55,3444,3306.04287576959
728,19.57,3400,3304.9985657377956
729,19.59,3362,3303.9388381759027
730,19.61,3494,3302.8637292678613
731,19.63,3494,3301.7732754258695
732,19.65,3519,3300.6675132890887
733,19.67,3526,3299.546479722412
734,19.69,3405,3298.4102118152705
735,19.71,3387,3297.2587468803704
736,19.73,3477,3296.0921224524573
737,19.75,3465,3294.9103762870836
738,19.77,3492,3293.7135463593695
739,19.79,3353,3292.5016708628
740,19.81,3481,3291.2747882079957
741,19.83,3469,3290.0329370213785
742,19.85,3343,3288.776156144111
743,19.87,3413,3287.5044846307073
744,19.89,3496,3286.217961747927
745,19.91,3483,3284.916626973395
746,19.93,3478,3283.6005199945557
747,19.95,3433,3282.269680707316
748,19.97,3458,3280.924149214833
749,19.99,3326,3279.5639658263126
750,20.01,3376,3278.189171055782
751,20.03,3408,3276.7998056208144
752,20.05,3376,3275.395910441396
753,20.07,3413,3273.9775266385714
754,20.09,3354,3272.5446955333346
755,20.11,3537,3271.097458645334
756,20.13,3452,3269.6358576916673
757,20.15,3464,3268.159934585624
758,20.17,3360,3266.669731435557
759,20.19,3458,3265.1652905435267
760,20.21,3350,3263.6466544041723
761,20.23,3365,3262.1138657034508
762,20.25,3409,3260.566967317429
763,20.27,3401,3259.006002311031
764,20.29,3432,3257.4310139368763
765,20.31,3245,3255.842045633959
766,20.33,3399,3254.239141026548
767,20.35,3237,3252.622343922859
768,20.37,3459,3250.9916983139183
769,20.39,3477,3249.3472483723035
770,20.41,3365,3247.6890384508897
771,20.43,3500,3246.0171130817043
772,20.45,3456,3244.331516974672
773,20.47,3368,3242.6322950163576
774,20.49,3330,3240.9194922688803
775,20.51,3371,3239.193153968503
776,20.53,3508,3237.4533255246006
777,20.55,3492,3235.7000525183294
778,20.57,3455,3233.9333807014755
779,20.59,3407,3232.1533559951704
780,20.61,3414,3230.360024488744
781,20.63,3451,3228.55343243855
782,20.65,3430,3226.733626266616
783,20.67,3340,3224.9006525595414
784,20.69,3394,3223.0545580672415
785,20.71,3442,3221.1953897018047
786,20.73,3252,3219.323194536164
787,20.75,3383,3217.4380198029994
788,20.77,3451,3215.5399128935005
789,20.79,3470,3213.6289213560694
790,20.81,3463,3211.7050928952767
791,20.83,3484,3209.76847537051
792,20.85,3497,3207.81911679486
793,20.87,3555,3205.8570653338375
794,20.89,3432,3203.8823693042996
795,20.91,3446,3201.895077173107
796,20.93,3367,3199.8952375559293
797,20.95,3519,3197.882899216176
798,20.97,3382,3195.8581110636887
799,20.99,3336,3193.820922153507
800,21.01,3438,3191.771381684808
801,21.03,3385,3189.7095389995256
802,21.05,3317,3187.635443581339
803,21.07,3295,3185.549145054366
804,21.09,3573,3183.450693181898
805,21.11,3405,3181.3401378654216
806,21.13,3356,3179.217529143243
807,21.15,3313,3177.0829171893074
808,21.17,3304,3174.9363523120765
809,21.19,3340,3172.7778849533097
810,21.21,3389,3170.607565686855
811,21.23,3435,3168.425445217452
812,21.25,3353,3166.2315743795925
813,21.27,3502,3164.0260041362644
814,21.29,3267,3161.8087855778094
815,21.31,3187,3159.5799699207064
816,21.33,3282,3157.3396085064132
817,21.35,3453,3155.087752800154
818,21.37,3348,3152.8244543897827
819,21.39,3394,3150.549764984473
820,21.41,3339,3148.263736413729
821,21.43,3253,3145.966420626033
822,21.45,3347,3143.6578696877095
823,21.47,3338,3141.3381357818216
824,21.49,3252,3139.007271206914
825,21.51,3371,3136.665328375788
826,21.53,3271,3134.3123598144693
827,21.55,3395,3131.9484181609087
828,21.57,3271,3129.5735561638667
829,21.59,3190,3127.187826681681
830,21.61,3322,3124.7912826811
831,21.63,3243,3122.3839772362426
832,21.65,3339,3119.96596352722
833,21.67,3251,3117.5372948390923
834,21.69,3329,3115.0980245606906
835,21.71,3367,3112.648206183362
836,21.73,3184,3110.1878932999216
837,21.75,3249,3107.717139603401
838,21.77,3135,3105.235998885916
839,21.79,3243,3102.7445250374885
840,21.81,3231,3100.2427720448222
841,21.83,3288,3097.730793990344
842,21.85,3304,3095.2086450507186
843,21.87,3361,3092.676379495997
844,21.89,3187,3090.1340516882447
845,21.91,3205,3087.5817160805173
846,21.93,3382,3085.019427215625
847,21.95,3337,3082.4472397249274
848,21.97,3396,3079.865208327339
849,21.99,3403,3077.2733878280487
850,22.01,3359,3074.671833117316
851,22.03,3223,3072.060599169511
852,22.05,3290,3069.4397410417796
853,22.07,3177,3066.8093138729537
854,22.09,3238,3064.169372882423
855,22.11,3201,3061.5199733689424
856,22.13,3299,3058.861170709535
857,22.15,3216,3056.193020358326
858,22.17,3124,3053.515577845329
859,22.19,3205,3050.828898775422
860,22.21,3160,3048.133038827111
861,22.23,3180,3045.4280537514333
862,22.25,3215,3042.713999370757
863,22.27,3256,3039.990931577755
864,22.29,3231,3037.2589063341084
865,22.31,3103,3034.5179796695356
866,22.33,3177,3031.7682076805067
867,22.35,3086,3029.0096465292
868,22.37,3160,3026.2423524423475
869,22.39,3190,3023.4663817100845
870,22.41,3164,3020.681790684839
871,22.43,3142,3017.8886357801694
872,22.45,3063,3015.08697346965
873,22.47,3157,3012.276860285787
874,22.49,3157,3009.4583528187923
875,22.51,3134,3006.6315077155405
876,22.53,3119,3003.7963816784304
877,22.55,3059,3000.953031464219
878,22.57,3116,2998.10151388296
879,22.59,3097,2995.241885796806
880,22.61,3084,2992.374204118976
881,22.63,3071,2989.4985258125616
882,22.65,3006,2986.6149078894396
883,22.67,3138,2983.7234074091584
884,22.69,3049,2980.8240814778446
885,22.71,3006,2977.9169872470247
886,22.73,3078,2975.0021819125714
887,22.75,3005,2972.079722713569
888,22.77,2979,2969.149666931203
889,22.79,2945,2966.2120718876713
890,22.81,3092,2963.266994945013
891,22.83,3038,2960.314493504109
892,22.85,3028,2957.3546250034597
893,22.87,2872,2954.3874469181765
894,22.89,2933,2951.4130167588137
895,22.91,2993,2948.4313920703335
896,22.93,2984,2945.442630430918
897,22.95,2939,2942.4467894509635
898,22.97,2964,2939.4439267719163
899,22.99,2953,2936.4341000652157
900,23.01,2946,2933.4173670311693
901,23.03,2923,2930.393785397857
902,23.05,2980,2927.3634129201364
903,23.07,2897,2924.32630737839
904,23.09,2958,2921.282526577531
905,23.11,2923,2918.2321283459905
906,23.13,2909,2915.175170534457
907,23.15,2916,2912.1117110148907
908,23.17,2832,2909.0418076794913
909,23.19,2828,2905.965518439496
910,23.21,2887,2902.882901224206
911,23.23,2964,2899.7940139798093
912,23.25,2860,2896.698914668422
913,23.27,2851,2893.597661266881
914,23.29,2856,2890.490311765787
915,23.31,2820,2887.376924168365
916,23.33,2859,2884.2575564893923
917,23.35,2906,2881.132266754148
918,23.37,2848,2878.00111299736
919,23.39,2853,2874.8641532620904
920,23.41,2813,2871.7214455987296
921,23.43,2893,2868.573048063892
922,23.45,2901,2865.4190187193144
923,23.47,2833,2862.2594156309224
924,23.49,2780,2859.0942968676345
925,23.51,2741,2855.9237205003674
926,23.53,2809,2852.74774460101
927,23.55,2931,2849.5664272412896
928,23.57,2793,2846.3798264917687
929,23.59,2828,2843.1880004207687
930,23.61,2767,2839.9910070934166
931,23.63,2801,2836.7889045704032
932,23.65,2744,2833.581750907134
933,23.67,2748,2830.3696041525736
934,23.69,2817,2827.1525223481794
935,23.71,2800,2823.9305635269857
936,23.73,2728,2820.7037857124096
937,23.75,2789,2817.472246917344
938,23.77,2822,2814.236005143024
939,23.79,2747,2810.995118378056
940,23.81,2753,2807.7496445973275
941,23.83,2719,2804.4996417609855
942,23.85,2710,2801.245167813532
943,23.87,2728,2797.9862806825204
944,23.89,2719,2794.723038277836
945,23.91,2700,2791.45549849046
946,23.93,2750,2788.1837191915083
947,23.95,2645,2784.9077582312093
948,23.97,2714,2781.6276734379326
949,23.99,2657,2778.343522617105
950,24.01,2660,2775.055363550119
951,24.03,2664,2771.763253993564
952,24.05,2582,2768.4672516779483
953,24.07,2569,2765.1674143068003
954,24.09,2680,2761.86379955571
955,24.11,2501,2758.556465071203
956,24.13,2615,2755.245468469804
957,24.15,2630,2751.9308673370424
958,24.17,2638,2748.6127192263966
959,24.19,2581,2745.291081658339
960,24.21,2608,2741.9660121192956
961,24.23,2580,2738.6375680607152
962,24.25,2543,2735.305806897939
963,24.27,2616,2731.9707860093313
964,24.29,2547,2728.6325627353053
965,24.31,2531,2725.291194377156
966,24.33,2475,2721.9467381963113
967,24.35,2569,2718.5992514130885
968,24.37,2654,2715.248791205955
969,24.39,2567,2711.895414710357
970,24.41,2560,2708.539179017809
971,24.43,2536,2705.18014117494
972,24.45,2442,2701.818358182477
973,24.47,2661,2698.453886994246
974,24.49,2568,2695.0867845162475
975,24.51,2505,2691.7171076056666
976,24.53,2505,2688.3449130699128
977,24.55,2577,2684.970257665582
978,24.57,2458,2681.5931980975574
979,24.59,2566,2678.213791018069
980,24.61,2473,2674.832093025615
981,24.63,2570,2671.448160664131
982,24.65,2463,2668.062050421986
983,24.67,2528,2664.67381873086
984,24.69,2441,2661.2835219651533
985,24.71,2453,2657.8912164406347
986,24.73,2448,2654.496958413746
987,24.75,2471,2651.100804080581
988,24.77,2442,2647.702809575846
989,24.79,2473,2644.3030309720934
990,24.81,2472,2640.901524278641
991,24.83,2397,2637.4983454406392
992,24.85,2432,2634.093550338148
993,24.87,2484,2630.687194785276
994,24.89,2564,2627.279334529101
995,24.91,2386,2623.8700252488516
996,24.93,2285,2620.459322554865
997,24.95,2406,2617.0472819877778
998,24.97,2426,2613.6339590175303
999,24.99,2329,2610.219409042442
1000,25.01,2373,2606.8036873882384
1001,25.03,2321,2603.386849307264
1002,25.05,2410,2599.968949977402
1003,25.07,2467,2596.5500445012876
1004,25.09,2379,2593.130187905288
1005,25.11,2437,2589.7094351386704
1006,25.13,2387,2586.2878410726007
1007,25.15,2378,2582.8654604993026
1008,25.17,2379,2579.442348131155
1009,25.19,2464,2576.0185585997597
1010,25.21,2342,2572.5941464549323
1011,25.23,2342,2569.16916616403
1012,25.25,2440,2565.7436721108243
1013,25.27,2382,2562.3177185947916
1014,25.29,2338,2558.8913598300305
1015,25.31,2416,2555.4646499445153
1016,25.33,2369,2552.0376429791468
1017,25.35,2302,2548.6103928868124
1018,25.37,2367,2545.18295353167
1019,25.39,2300,2541.7553786879726
1020,25.41,2327,2538.3277220394402
1021,25.43,2310,2534.9000371783422
1022,25.45,2373,2531.4723776044857
1023,25.47,2209,2528.0447967244536
1024,25.49,2209,2524.6173478506616
1025,25.51,2268,2521.190084200529
1026,25.53,2298,2517.763058895657
1027,25.55,2274,2514.3363249607537
1028,25.57,2295,2510.9099353231186
1029,25.59,2301,2507.483942811372
1030,25.61,2198,2504.0584001548705
1031,25.63,2266,2500.633359982812
1032,25.65,2342,2497.208874823258
1033,25.67,2253,2493.784997102426
1034,25.69,2278,2490.361779143669
1035,25.71,2224,2486.939273166812
1036,25.73,2300,2483.517531287149
1037,25.75,2287,2480.0966055147
1038,25.77,2263,2476.676547753248
1039,25.79,2280,2473.2574097996967
1040,25.81,2274,2469.8392433429462
1041,25.83,2261,2466.4220999633562
1042,25.85,2296,2463.006031131683
1043,25.87,2303,2459.5910882083517
1044,25.89,2275,2456.177322442629
1045,25.91,2179,2452.7647849717187
1046,25.93,2205,2449.3535268200594
1047,25.95,2232,2445.943598898335
1048,25.97,2258,2442.535052002824
1049,25.99,2223,2439.1279368144724
1050,26.01,2217,2435.7223038980883
1051,26.03,2237,2432.318203701552
1052,26.05,2165,2428.915686555034
1053,26.07,2203,2425.514802670097
1054,26.09,2222,2422.1156021389097
1055,26.11,2116,2418.7181349335888
1056,26.13,2221,2415.322450905125
1057,26.15,2125,2411.9285997828747
1058,26.17,2208,2408.536631173499
1059,26.19,2186,2405.1465945603495
1060,26.21,2195,2401.758539302591
1061,26.23,2167,2398.3725146345005
1062,26.25,2250,2394.9885696644797
1063,26.27,2151,2391.60675337452
1064,26.29,2081,2388.2271146191943
1065,26.31,2201,2384.8497021251023
1066,26.33,2200,2381.4745644898603
1067,26.35,2086,2378.1017501814786
1068,26.37,2252,2374.7313075374914
1069,26.39,2119,2371.363284764332
1070,26.41,2265,2367.99772993635
1071,26.43,2211,2364.634690995239
1072,26.45,2161,2361.274215749145
1073,26.47,2230,2357.9163518719743
1074,26.49,2191,2354.56114690263
1075,26.51,2199,2351.2086482441737
1076,26.53,2240,2347.8589031631536
1077,26.55,2160,2344.5119587888976
1078,26.57,2303,2341.167862112611
1079,26.59,2195,2337.82665998678
1080,26.61,2222,2334.4883991242514
1081,26.63,2240,2331.153126097771
1082,26.65,2215,2327.820887338913
1083,26.67,2207,2324.4917291376078
1084,26.69,2085,2321.165697641245
1085,26.71,2202,2317.8428388540287
1086,26.73,2128,2314.5231986362096
1087,26.75,2134,2311.2068227033815
1088,26.77,2115,2307.8937566257246
1089,26.79,2156,2304.584045827274
1090,26.81,2101,2301.2777355853086
1091,26.83,2113,2297.9748710294516
1092,26.85,2078,2294.675497141171
1093,26.87,2060,2291.379658752874
1094,26.89,2068,2288.087400547286
1095,26.91,2074,2284.7987670567536
1096,26.93,2180,2281.513802662532
1097,26.95,2077,2278.232551594053
1098,26.97,2102,2274.9550579282986
1099,26.99,2054,2271.6813655890146
1100,27.01,2044,2268.411518346061
1101,27.03,2040,2265.145559814735
1102,27.05,2121,2261.8835334550695
1103,27.07,2089,2258.6254825711176
1104,27.09,2123,2255.371450310353
1105,27.11,2048,2252.12147966287
1106,27.13,2089,2248.8756134608275
1107,27.15,1967,2245.6338943777146
1108,27.17,1959,2242.396364927651
1109,27.19,2075,2239.1630674647076
1110,27.21,1982,2235.934044182459
1111,27.23,2017,2232.709337112936
1112,27.25,1980,2229.4889881263016
1113,27.27,1976,2226.2730389299804
1114,27.29,1959,2223.061531068185
1115,27.31,1973,2219.8545059210574
1116,27.33,1971,2216.652004704175
1117,27.35,2020,2213.4540684678914
1118,27.37,2101,2210.2607380965364
1119,27.39,1967,2207.0720543080215
1120,27.41,1989,2203.888057653029
1121,27.43,2061,2200.7087885143847
1122,27.45,2068,2197.5342871064486
1123,27.47,1947,2194.3645934745427
1124,27.49,2054,2191.199747494232
1125,27.51,2025,2188.039788870764
1126,27.53,2015,2184.8847571384094
1127,27.55,2008,2181.734691659849
1128,27.57,2061,2178.5896316255667
1129,27.59,2019,2175.449616053237
1130,27.61,1988,2172.31468378711
1131,27.63,2019,2169.184873497392
1132,27.65,1979,2166.0602236796503
1133,27.67,1952,2162.9407726542204
1134,27.69,1979,2159.8265585655745
1135,27.71,1987,2156.717619381746
1136,27.73,2012,2153.6139928937628
1137,27.75,1959,2150.5157167150255
1138,27.77,1958,2147.4228282806816
1139,27.79,2024,2144.3353648470693
1140,27.81,1950,2141.253363491247
1141,27.83,1955,2138.176861110187
1142,27.85,2009,2135.1058944204087
1143,27.87,1890,2132.040499957293
1144,27.89,1900,2128.9807140745097
1145,27.91,2026,2125.9265729435438
1146,27.93,2003,2122.8781125529867
1147,27.95,2022,2119.8353687080726
1148,27.97,2013,2116.7983770301853
1149,27.99,1967,2113.7671729560725
1150,28.01,2011,2110.7417917375587
1151,28.03,1945,2107.7222684407852
1152,28.05,2003,2104.7086379457787
1153,28.07,2060,2101.7009349459095
1154,28.09,1962,2098.69919394724
1155,28.11,1995,2095.703449268174
1156,28.13,2098,2092.713735038684
1157,28.15,1973,2089.730085199997
1158,28.17,1971,2086.7525335039318
1159,28.19,1963,2083.781113512451
1160,28.21,1817,2080.8158585970414
1161,28.23,1911,2077.8568019383047
1162,28.25,2015,2074.9039765253556
1163,28.27,1955,2071.9574151553807
1164,28.29,1983,2069.0171504330483
1165,28.31,1904,2066.083214770044
1166,28.33,2015,2063.1556403845216
1167,28.35,2005,2060.2344593007665
1168,28.37,1916,2057.319703348452
1169,28.39,1915,2054.4114041622524
1170,28.41,1861,2051.509593181446
1171,28.43,1936,2048.614301649278
1172,28.45,1965,2045.7255606125273
1173,28.47,1908,2042.8434009210723
1174,28.49,1858,2039.9678532272956
1175,28.51,1903,2037.098947985749
1176,28.53,1820,2034.2367154525818
1177,28.55,1840,2031.3811856850953
1178,28.57,1937,2028.5323885412936
1179,28.59,1908,2025.6903536793152
1180,28.61,1924,2022.8551105571842
1181,28.63,1992,2020.0266884321227
1182,28.65,1827,2017.2051163602046
1183,28.67,1865,2014.390423195996
1184,28.69,1858,2011.5826375918914
1185,28.71,1839,2008.7817879977802
1186,28.73,1984,2005.9879026607214
1187,28.75,1885,2003.2010096242439
1188,28.77,1937,2000.421136728125
1189,28.79,1880,1997.6483116079198
1190,28.81,1916,1994.8825616944114
1191,28.83,2015,1992.1239142133418
1192,28.85,1908,1989.37239618487
1193,28.87,1841,1986.6280344232255
1194,28.89,1917,1983.8908555362732
1195,28.91,1880,1981.1608859250427
1196,28.93,1889,1978.438151783388
1197,28.95,1867,1975.7226790975437
1198,28.97,1898,1973.0144936458082
1199,28.99,1839,1970.3136209979411
1200,29.01,1847,1967.6200865150468
1201,29.03,1900,1964.9339153488518
1202,29.05,1874,1962.2551324416354
1203,29.07,1834,1959.5837625256072
1204,29.09,1889,1956.919830122657
1205,29.11,1853,1954.2633595438847
1206,29.13,1899,1951.6143748893228
1207,29.15,1857,1948.9729000474435
1208,29.17,1851,1946.3389586949188
1209,29.19,1818,1943.7125742960707
1210,29.21,1852,1941.0937701027333
1211,29.23,1809,1938.4825691536744
1212,29.25,1885,1935.878994274428
1213,29.27,1838,1933.283068076812
1214,29.29,1851,1930.6948129586171
1215,29.31,1880,1928.1142511032076
1216,29.33,1818,1925.5414044793479
1217,29.35,1818,1922.9762948406214
1218,29.37,1838,1920.418943725237
1219,29.39,1835,1917.8693724557425
1220,29.41,1813,1915.3276021385518
1221,29.43,1827,1912.7936536636562
1222,29.45,1937,1910.2675477044459
1223,29.47,1863,1907.7493047171456
1224,29.49,1830,1905.2389449407192
1225,29.51,1836,1902.7364883964428
1226,29.53,1792,1900.2419548875632
1227,29.55,1796,1897.7553639991138
1228,29.57,1849,1895.2767350974673
1229,29.59,1865,1892.8060873301592
1230,29.61,1884,1890.3434396254997
1231,29.63,1803,1887.8888106923696
1232,29.65,1852,1885.4422190198802
1233,29.67,1765,1883.003682877029
1234,29.69,1850,1880.573220312519
1235,29.71,1828,1878.15084915442
1236,29.73,1833,1875.736587009951
1237,29.75,1843,1873.3304512650448
1238,29.77,1906,1870.9324590844662
1239,29.79,1851,1868.5426274109332
1240,29.81,1862,1866.1609729654883
1241,29.83,1743,1863.7875122467958
1242,29.85,1840,1861.4222615311146
1243,29.87,1823,1859.0652368719648
1244,29.89,1883,1856.7164540998729
1245,29.91,1843,1854.3759288222172
1246,29.93,1829,1852.0436764228743
1247,29.95,1763,1849.719712061973
1248,29.97,1879,1847.404050675853
1249,29.99,1851,1845.0967069765802
1250,30.01,1782,1842.7976954519263
1251,30.03,1812,1840.5070303649454
1252,30.05,1846,1838.2247257540048
1253,30.07,1809,1835.9507954323662
1254,30.09,1846,1833.6852529880407
1255,30.11,1841,1831.4281117835544
1256,30.13,1831,1829.1793849558399
1257,30.15,1819,1826.9390854159956
1258,30.17,1797,1824.7072258489115
1259,30.19,1844,1822.4838187133228
1260,30.21,1847,1820.268876241591
1261,30.23,1702,1818.06241043927
1262,30.25,1799,1815.8644330853149
1263,30.27,1786,1813.674955731526
1264,30.29,1799,1811.4939897026125
1265,30.31,1831,1809.3215460959073
1266,30.33,1800,1807.1576357812846
1267,30.35,1805,1805.0022694009385
1268,30.37,1815,1802.8554573691908
1269,30.39,1740,1800.717209872445
1270,30.41,1875,1798.5875368689767
1271,30.43,1739,1796.4664480886368
1272,30.45,1787,1794.3539530330036
1273,30.47,1811,1792.2500609749823
1274,30.49,1797,1790.1547809588465
1275,30.51,1843,1788.0681217999
1276,30.53,1741,1785.990092084624
1277,30.55,1830,1783.920700170309
1278,30.57,1817,1781.8599541849344
1279,30.59,1753,1779.8078620273418
1280,30.61,1779,1777.7644313667233
1281,30.63,1744,1775.729669642782
1282,30.65,1788,1773.7035840655562
1283,30.67,1753,1771.6861816151968
1284,30.69,1698,1769.6774690421353
1285,30.71,1735,1767.6774528665828
1286,30.73,1783,1765.6861393790223
1287,30.75,1814,1763.7035346393386
1288,30.77,1797,1761.7296444775784
1289,30.79,1873,1759.7644744931586
1290,30.81,1801,1757.808030055252
1291,30.83,1871,1755.8603163025718
1292,30.85,1760,1753.9213381430654
1293,30.87,1786,1751.9911002543195
1294,30.89,1854,1750.0696070831164
1295,30.91,1853,1748.1568628454688
1296,30.93,1791,1746.2528715266963
1297,30.95,1737,1744.3576368812446
1298,30.97,1815,1742.4711624326264
1299,30.99,1787,1740.593451473438
1300,31.01,1780,1738.7245070653062
1301,31.03,1874,1736.8643320389874
1302,31.05,1729,1735.012928994015
1303,31.07,1742,1733.1703002989043
1304,31.09,1738,1731.3364480911332
1305,31.11,1803,1729.5113742771355
1306,31.13,1750,1727.6950805320084
1307,31.15,1801,1725.8875683000315
1308,31.17,1764,1724.0888387940959
1309,31.19,1835,1722.2988929960457
1310,31.21,1799,1720.5177316565387
1311,31.23,1796,1718.7453552952747
1312,31.25,1790,1716.9817642005382
1313,31.27,1835,1715.2269584297328
1314,31.29,1787,1713.4809378091222
1315,31.31,1794,1711.7437019337904
1316,31.33,1796,1710.0152501679277
1317,31.35,1883,1708.295581644552
1318,31.37,1809,1706.5846952657785
1319,31.39,1853,1704.882589702781
1320,31.41,1818,1703.1892633958105
1321,31.43,1770,1701.5047145541948
1322,31.45,1812,1699.8289411564865
1323,31.47,1730,1698.1619409504874
1324,31.49,1798,1696.5037114532242
1325,31.51,1801,1694.8542499512814
1326,31.53,1825,1693.21355350037
1327,31.55,1821,1691.581618925874
1328,31.57,1816,1689.9584428226872
1329,31.59,1731,1688.3440215554338
1330,31.61,1860,1686.73835125824
1331,31.63,1763,1685.1414278352304
1332,31.65,1818,1683.553246960465
1333,31.67,1748,1681.9738040777638
1334,31.69,1744,1680.4030944011838
1335,31.71,1830,1678.8411129150336
1336,31.73,1859,1677.2878543738352
1337,31.75,1750,1675.7433133024097
1338,31.77,1752,1674.207483996298
1339,31.79,1765,1672.6803605215218
1340,31.81,1700,1671.1619367150133
1341,31.83,1756,1669.6522061844507
1342,31.85,1740,1668.1511623086062
1343,31.87,1792,1666.6587982374222
1344,31.89,1718,1665.175106892084
1345,31.91,1757,1663.7000809652354
1346,31.93,1758,1662.2337129211164
1347,31.95,1710,1660.7759949956508
1348,31.97,1725,1659.3269191967493
1349,31.99,1671,1657.8864773043897
1350,32.01,1751,1656.4546608705605
1351,32.03,1749,1655.0314612198717
1352,32.05,1716,1653.61686944939
1353,32.07,1750,1652.2108764289387
1354,32.09,1810,1650.813472801301
1355,32.11,1693,1649.424648982248
1356,32.13,1723,1648.0443951610669
1357,32.15,1798,1646.6727013002192
1358,32.17,1697,1645.3095571361018
1359,32.19,1728,1643.9549521789995
1360,32.21,1683,1642.6088757131229
1361,32.23,1767,1641.271316797156
1362,32.25,1691,1639.9422642642785
1363,32.27,1717,1638.6217067223251
1364,32.29,1726,1637.3096325542492
1365,32.31,1673,1636.006029918015
1366,32.33,1775,1634.710886747297
1367,32.35,1649,1633.4241907511014
1368,32.37,1678,1632.1459294146034
1369,32.39,1778,1630.8760899990284
1370,32.41,1769,1629.6146595420505
1371,32.43,1701,1628.3616248579456
1372,32.45,1750,1627.1169725380241
1373,32.47,1710,1625.880688950664
1374,32.49,1708,1624.6527602418237
1375,32.51,1766,1623.4331723349915
1376,32.53,1728,1622.221910931844
1377,32.55,1714,1621.0189615123518
1378,32.57,1718,1619.8243093348829
1379,32.59,1747,1618.6379394367705
1380,32.61,1716,1617.4598366345608
1381,32.63,1724,1616.2899855240994
1382,32.65,1757,1615.1283704811576
1383,32.67,1747,1613.9749756614865
1384,32.69,1728,1612.829785001105
1385,32.71,1714,1611.6927822169455
1386,32.73,1697,1610.5639508067734
1387,32.75,1744,1609.4432740498069
1388,32.77,1742,1608.3307350068399
1389,32.79,1779,1607.2263165207214
1390,32.81,1677,1606.130001216663
1391,32.83,1768,1605.0417715024441
1392,32.85,1709,1603.9616095690171
1393,32.87,1685,1602.8894973906417
1394,32.89,1735,1601.8254167253608
1395,32.91,1731,1600.7693491152213
1396,32.93,1729,1599.7212758868882
1397,32.95,1725,1598.6811781517154
1398,32.97,1737,1597.6490368063814
1399,32.99,1773,1596.6248325330516
1400,33.01,1702,1595.608545800018
1401,33.03,1706,1594.6001568618049
1402,33.05,1702,1593.5996457596948
1403,33.07,1750,1592.6069923221366
1404,33.09,1730,1591.6221761652969
1405,33.11,1752,1590.6451766930295
1406,33.13,1733,1589.6759730976673
1407,33.15,1671,1588.7145443605186
1408,33.17,1745,1587.7608692518397
1409,33.19,1679,1586.8149263316254
1410,33.21,1639,1585.8766939499956
1411,33.23,1792,1584.9461502474041
1412,33.25,1749,1584.0232731555288
1413,33.27,1802,1583.108040397031
1414,33.29,1659,1582.2004294867484
1415,33.31,1762,1581.300417731688
1416,33.33,1667,1580.4079822314961
1417,33.35,1787,1579.5230998791485
1418,33.37,1807,1578.6457473611563
1419,33.39,1759,1577.775901158353
1420,33.41,1695,1576.9135375460583
1421,33.43,1673,1576.0586325946615
1422,33.45,1694,1575.2111621702152
1423,33.47,1767,1574.3711019347593
1424,33.49,1713,1573.5384273470136
1425,33.51,1717,1572.7131136626413
1426,33.53,1702,1571.8951359350385
1427,33.55,1706,1571.0844690154354
1428,33.57,1618,1570.2810875538307
1429,33.59,1669,1569.484965999246
1430,33.61,1700,1568.6960786004502
1431,33.63,1762,1567.9143994062024
1432,33.65,1745,1567.1399022661371
1433,33.67,1717,1566.3725608308978
1434,33.69,1649,1565.6123485531207
1435,33.71,1727,1564.8592386876244
1436,33.73,1796,1564.1132042921972
1437,33.75,1732,1563.374218227811
1438,33.77,1697,1562.6422531597955
1439,33.79,1738,1561.917281557713
1440,33.81,1688,1561.19927569642
1441,33.83,1609,1560.488207656359
1442,33.85,1651,1559.7840493243748
1443,33.87,1663,1559.08677239409
1444,33.89,1638,1558.3963483665138
1445,33.91,1681,1557.7127485509181
1446,33.93,1698,1557.035944065049
1447,33.95,1684,1556.3659058358571
1448,33.97,1698,1555.7026046002593
1449,33.99,1757,1555.046010905664
1450,34.01,1731,1554.3960951105519
1451,34.03,1805,1553.7528273849985
1452,34.05,1762,1553.116177711575
1453,34.07,1762,1552.4861158857702
1454,34.09,1705,1551.862611516738
1455,34.11,1768,1551.2456340277204
1456,34.13,1781,1550.635152657127
1457,34.15,1855,1550.031136458685
1458,34.17,1712,1549.4335543025045
1459,34.19,1774,1548.8423748755577
1460,34.21,1719,1548.257566682244
1461,34.23,1730,1547.6790980452906
1462,34.25,1701,1547.106937106253
1463,34.27,1653,1546.5410518264298
1464,34.29,1711,1545.9814099870982
1465,34.31,1740,1545.4279791908311
1466,34.33,1779,1544.8807268615628
1467,34.35,1738,1544.339620245827
1468,34.37,1813,1543.8046264130353
1469,34.39,1672,1543.2757122564872
1470,34.41,1705,1542.7528444939526
1471,34.43,1725,1542.2359896684566
1472,34.45,1713,1541.7251141488923
1473,34.47,1626,1541.2201841308888
1474,34.49,1691,1540.7211656374138
1475,34.51,1659,1540.2280245197553
1476,34.53,1681,1539.740726457987
1477,34.55,1718,1539.259236961766
1478,34.57,1759,1538.7835213714015
1479,34.59,1708,1538.3135448580988
1480,34.61,1664,1537.8492724251928
1481,34.63,1707,1537.390668908778
1482,34.65,1744,1536.9376989782431
1483,34.67,1651,1536.490327137435
1484,34.69,1676,1536.0485177250566
1485,34.71,1739,1535.612234916016
1486,34.73,1690,1535.1814427214204
1487,34.75,1687,1534.7561049902752
1488,34.77,1680,1534.3361854096302
1489,34.79,1703,1533.9216475055828
1490,34.81,1697,1533.512454644232
1491,34.83,1652,1533.1085700323638
1492,34.85,1626,1532.709956718194
1493,34.87,1642,1532.3165775925827
1494,34.89,1631,1531.9283953893018
1495,34.91,1733,1531.5453726865017
1496,34.93,1653,1531.1674719069724
1497,34.95,1661,1530.7946553194615
1498,34.97,1720,1530.4268850392427
1499,34.99,1638,1530.0641230290375
1500,35.01,1657,1529.7063311001593
1501,35.03,1637,1529.3534709128908
1502,35.05,1666,1529.005503977818
1503,35.07,1710,1528.6623916562876
1504,35.09,1659,1528.3240951619264
1505,35.11,1743,1527.9905755608115
1506,35.13,1620,1527.661793772787
1507,35.15,1601,1527.3377105724394
1508,35.17,1741,1527.0182865896486
1509,35.19,1696,1526.7034823108743
1510,35.21,1652,1526.3932580797828
1511,35.23,1651,1526.087574098453
1512,35.25,1600,1525.7863904282067
1513,35.27,1718,1525.4896669901682
1514,35.29,1697,1525.1973635670129
1515,35.31,1645,1524.9094398031411
1516,35.33,1678,1524.6258552059226
1517,35.35,1691,1524.34656914684
1518,35.37,1674,1524.071540862219
1519,35.39,1647,1523.8007294541703
1520,35.41,1668,1523.534093891788
1521,35.43,1680,1523.2715930118802
1522,35.45,1666,1523.013185520269
1523,35.47,1705,1522.7588299922727
1524,35.49,1657,1522.5084848742126
1525,35.51,1682,1522.262108484305
1526,35.53,1665,1522.0196590132773
1527,35.55,1651,1521.7810945259826
1528,35.57,1623,1521.546372961844
1529,35.59,1631,1521.3154521363595
1530,35.61,1671,1521.088289741826
1531,35.63,1633,1520.8648433484123
1532,35.65,1657,1520.645070405326
1533,35.67,1630,1520.4289282418058
1534,35.69,1657,1520.216374068008
1535,35.71,1604,1520.0073649762635
1536,35.73,1617,1519.8018579421832
1537,35.75,1705,1519.5998098253394
1538,35.77,1672,1519.4011773708944
1539,35.79,1623,1519.2059172102354
1540,35.81,1639,1519.0139858622852
1541,35.83,1641,1518.8253397343688
1542,35.85,1571,1518.6399351236269
1543,35.87,1699,1518.4577282178716
1544,35.89,1638,1518.278675096698
1545,35.91,1625,1518.1027317327735
1546,35.93,1592,1517.9298539927431
1547,35.95,1657,1517.7599976383963
1548,35.97,1609,1517.593118327929
1549,35.99,1622,1517.4291716170046
1550,36.01,1532,1517.2681129597304
1551,36.03,1636,1517.1098977100428
1552,36.05,1573,1516.9544811226615
1553,36.07,1566,1516.8018183543718
1554,36.09,1619,1516.6518644652242
1555,36.11,1636,1516.5045744194576
1556,36.13,1636,1516.3599030868736
1557,36.15,1611,1516.2178052440295
1558,36.17,1587,1516.0782355752126
1559,36.19,1556,1515.9411486738964
1560,36.21,1567,1515.8064990437533
1561,36.23,1547,1515.6742410999486
1562,36.25,1577,1515.5443291700376
1563,36.27,1547,1515.4167174957565
1564,36.29,1593,1515.291360233803
1565,36.31,1599,1515.168211457125
1566,36.33,1540,1515.0472251560523
1567,36.35,1618,1514.928355240003
1568,36.37,1629,1514.8115555379627
1569,36.39,1576,1514.6967798004262
1570,36.41,1574,1514.583981700218
1571,36.43,1552,1514.4731148339497
1572,36.45,1601,1514.3641327232363
1573,36.47,1565,1514.2569888158077
1574,36.49,1553,1514.1516364871059
1575,36.51,1606,1514.0480290409787
1576,36.53,1635,1513.9461197118435
1577,36.55,1607,1513.8458616652288
1578,36.57,1633,1513.7472079991303
1579,36.59,1569,1513.6501117458201
1580,36.61,1588,1513.5545258726706
1581,36.63,1560,1513.460403283544
1582,36.65,1569,1513.3676968203981
1583,36.67,1571,1513.2763592640813
1584,36.69,1533,1513.1863433362178
1585,36.71,1621,1513.0976017001858
1586,36.73,1590,1513.0100869625512
1587,36.75,1533,1512.923751674536
1588,36.77,1580,1512.8385483329857
1589,36.79,1542,1512.7544293822448
1590,36.81,1556,1512.671347215216
1591,36.83,1603,1512.5892541746025
1592,36.85,1522,1512.508102554676
1593,36.87,1601,1512.4278446023427
1594,36.89,1607,1512.3484325185818
1595,36.91,1558,1512.2698184598567
1596,36.93,1634,1512.1919545394785
1597,36.95,1546,1512.1147928292785
1598,36.97,1520,1512.038285360578
1599,36.99,1616,1511.9623841258745
1600,37.01,1511,1511.8870410801046
1601,37.03,1524,1511.8122081425136
1602,37.05,1547,1511.7378371971217
1603,37.07,1578,1511.6638800952933
1604,37.09,1579,1511.59028865651
1605,37.11,1647,1511.5170146698792
1606,37.13,1508,1511.444009895763
1607,37.15,1571,1511.3712260671527
1608,37.17,1502,1511.2986148910832
1609,37.19,1524,1511.2261280502016
1610,37.21,1612,1511.1537172041208
1611,37.23,1519,1511.0813339909682
1612,37.25,1571,1511.0089300291147
1613,37.27,1562,1510.936456918137
1614,37.29,1546,1510.8638662408557
1615,37.31,1499,1510.7911095643558
1616,37.33,1526,1510.7181384420128
1617,37.35,1521,1510.6449044146166
1618,37.37,1596,1510.571359012005
1619,37.39,1524,1510.4974537546814
1620,37.41,1445,1510.4231401552906
1621,37.43,1520,1510.3483697200427
1622,37.45,1602,1510.2730939507182
1623,37.47,1537,1510.197264345261
1624,37.49,1570,1510.1208324004565
1625,37.51,1481,1510.0437496130608
1626,37.53,1583,1509.9659674808745
1627,37.55,1500,1509.8874375051819
1628,37.57,1520,1509.8081111914908
1629,37.59,1484,1509.7279400520765
1630,37.61,1579,1509.6468756064023
1631,37.63,1460,1509.5648693839312
1632,37.65,1582,1509.4818729249919
1633,37.67,1543,1509.3978377823632
1634,37.69,1463,1509.312715523226
1635,37.71,1529,1509.2264577307096
1636,37.73,1531,1509.1390160055917
1637,37.75,1469,1509.050341967477
1638,37.77,1550,1508.960387257036
1639,37.79,1559,1508.8691035373204
1640,37.81,1502,1508.776442495634
1641,37.83,1520,1508.6823558448386
1642,37.85,1488,1508.5867953253828
1643,37.87,1495,1508.489712706818
1644,37.89,1492,1508.3910597895137
1645,37.91,1559,1508.2907884062342
1646,37.93,1570,1508.1888504241406
1647,37.95,1552,1508.0851977461089
1648,37.97,1484,1507.979782312631
1649,37.99,1511,1507.8725561035099
1650,38.01,1567,1507.763471139555
1651,38.03,1498,1507.652479484299
1652,38.05,1498,1507.5395332458047
1653,38.07,1542,1507.4245845783944
1654,38.09,1473,1507.3075856841488
1655,38.11,1543,1507.1884888149816
1656,38.13,1454,1507.0672462742414
1657,38.15,1507,1506.943810418441
1658,38.17,1463,1506.8181336590533
1659,38.19,1497,1506.690168464369
1660,38.21,1533,1506.559867361293
1661,38.23,1464,1506.4271829367863
1662,38.25,1572,1506.2920678401042
1663,38.27,1477,1506.154474784411
1664,38.29,1488,1506.0143565484523
1665,38.31,1575,1505.8716659786396
1666,38.33,1496,1505.7263559904613
1667,38.35,1510,1505.5783795710113
1668,38.37,1446,1505.4276897798309
1669,38.39,1452,1505.2742397515503
1670,38.41,1532,1505.117982697583
1671,38.43,1502,1504.9588719076528
1672,38.45,1555,1504.796860751865
1673,38.47,1503,1504.6319026824767
1674,38.49,1431,1504.463951236171
1675,38.51,1487,1504.2929600351545
1676,38.53,1497,1504.118882789643
1677,38.55,1481,1503.9416732995942
1678,38.57,1458,1503.761285456736
1679,38.59,1514,1503.5776732458835
1680,38.61,1483,1503.3907907476496
1681,38.63,1565,1503.200592139794
1682,38.65,1461,1503.0070316994106
1683,38.67,1370,1502.8100638046826
1684,38.69,1533,1502.609642936979
1685,38.71,1375,1502.4057236824392
1686,38.73,1434,1502.1982607344462
1687,38.75,1491,1501.9872088952243
1688,38.77,1488,1501.7725230779688
1689,38.79,1469,1501.5541583083686
1690,38.81,1456,1501.3320697272447
1691,38.83,1372,1501.106212592199
1692,38.85,1492,1500.8765422792148
1693,38.87,1413,1500.6430142855725
1694,38.89,1423,1500.4055842306298
1695,38.91,1427,1500.1642078592877
1696,38.93,1414,1499.9188410423067
1697,38.95,1518,1499.6694397798747
1698,38.97,1445,1499.415960202673
1699,38.99,1440,1499.158358574099
1700,39.01,1443,1498.896591292526
1701,39.03,1445,1498.6306148932063
1702,39.05,1447,1498.3603860502408
1703,39.07,1436,1498.0858615785646
1704,39.09,1445,1497.8069984364001
1705,39.11,1433,1497.5237537266948
1706,39.13,1386,1497.236084700049
1707,39.15,1398,1496.9439487557274
1708,39.17,1451,1496.6473034448263
1709,39.19,1450,1496.3461064713483
1710,39.21,1460,1496.0403156950924
1711,39.23,1450,1495.7298891334685
1712,39.25,1490,1495.4147849634192
1713,39.27,1413,1495.094961523917
1714,39.29,1450,1494.7703773178337
1715,39.31,1389,1494.4409910138602
1716,39.33,1431,1494.1067614492931
1717,39.35,1441,1493.7676476313145
1718,39.37,1438,1493.4236087402514
1719,39.39,1438,1493.0746041303673
1720,39.41,1401,1492.7205933333644
1721,39.43,1444,1492.3615360593794
1722,39.45,1414,1491.9973922002237
1723,39.47,1395,1491.6281218307768
1724,39.49,1423,1491.2536852113062
1725,39.51,1425,1490.8740427901184
1726,39.53,1413,1490.4891552053832
1727,39.55,1375,1490.098983287131
1728,39.57,1405,1489.7034880600713
1729,39.59,1414,1489.302630745351
1730,39.61,1430,1488.8963727627943
1731,39.63,1431,1488.4846757334826
1732,39.65,1371,1488.0675014815179
1733,39.67,1402,1487.644812036925
1734,39.69,1369,1487.2165696369439
1735,39.71,1392,1486.7827367292275
1736,39.73,1453,1486.3432759738462
1737,39.75,1441,1485.8981502449315
1738,39.77,1404,1485.447322633925
1739,39.79,1473,1484.990756451245
1740,39.81,1394,1484.5284152289387
1741,39.83,1421,1484.0602627223443
1742,39.85,1315,1483.5862629132598
1743,39.87,1374,1483.10638001176
1744,39.89,1402,1482.620578458449
1745,39.91,1300,1482.1288229271058
1746,39.93,1287,1481.6310783268545
1747,39.95,1434,1481.1273098042911
1748,39.97,1325,1480.6174827463628
1749,39.99,1351,1480.1015627821062
1750,40.01,1378,1479.5795157856064
1751,40.03,1388,1479.051307877723
1752,40.05,1436,1478.516905429221
1753,40.07,1323,1477.976275062303
1754,40.09,1396,1477.4293836536472
1755,40.11,1369,1476.8761983367167
1756,40.13,1374,1476.3166865038284
1757,40.15,1316,1475.7508158088522
1758,40.17,1352,1475.178554169699
1759,40.19,1350,1474.5998697702144
1760,40.21,1410,1474.0147310632601
1761,40.23,1282,1473.4231067730525
1762,40.25,1363,1472.8249658967934
1763,40.27,1386,1472.2202777084303
1764,40.29,1361,1471.6090117599497
1765,40.31,1321,1470.9911378848437
1766,40.33,1308,1470.3666261994822
1767,40.35,1384,1469.7354471066192
1768,40.37,1326,1469.0975712971058
1769,40.39,1396,1468.4529697529315
1770,40.41,1346,1467.8016137494214
1771,40.43,1321,1467.143474857885
1772,40.45,1316,1466.4785249477336
1773,40.47,1365,1465.8067361898384
1774,40.49,1323,1465.1280810581711
1775,40.51,1331,1464.4425323329451
1776,40.53,1364,1463.7500631025896
1777,40.55,1395,1463.0506467668683
1778,40.57,1286,1462.3442570393572
1779,40.59,1420,1461.6308679492495
1780,40.61,1354,1460.910453845212
1781,40.63,1320,1460.182989396927
1782,40.65,1355,1459.4484495977604
1783,40.67,1447,1458.7068097679257
1784,40.69,1335,1457.9580455566856
1785,40.71,1325,1457.2021329451209
1786,40.73,1339,1456.4390482482104
1787,40.75,1370,1455.6687681182611
1788,40.77,1265,1454.8912695472527
1789,40.79,1413,1454.1065298688618
1790,40.81,1340,1453.3145267619302
1791,40.83,1318,1452.5152382528122
1792,40.85,1369,1451.7086427177146
1793,40.87,1263,1450.8947188858529
1794,40.89,1261,1450.0734458416919
1795,40.91,1298,1449.2448030282576
1796,40.93,1338,1448.4087702488341
1797,40.95,1266,1447.565327670265
1798,40.97,1316,1446.7144558260043
1799,40.99,1324,1445.856135617987
1800,41.01,1398,1444.9903483198104
1801,41.03,1297,1444.1170755792618
1802,41.05,1292,1443.2362994214964
1803,41.07,1262,1442.3480022511776
1804,41.09,1300,1441.4521668552588
1805,41.11,1349,1440.5487764064283
1806,41.13,1392,1439.6378144649716
1807,41.15,1257,1438.719264981789
1808,41.17,1284,1437.7931123017443
1809,41.19,1348,1436.8593411656266
1810,41.21,1284,1435.917936713432
1811,41.23,1319,1434.968884486786
1812,41.25,1259,1434.0121704321818
1813,41.27,1299,1433.0477809035056
1814,41.29,1308,1432.075702664707
1815,41.31,1333,1431.0959228929069
1816,41.33,1205,1430.1084291809966
1817,41.35,1339,1429.113209540883
1818,41.37,1333,1428.1102524055123
1819,41.39,1264,1427.0995466327322
1820,41.41,1329,1426.0810815072518
1821,41.43,1274,1425.0548467437184
1822,41.45,1276,1424.0208324904797
1823,41.47,1261,1422.979029330888
1824,41.49,1291,1421.9294282872852
1825,41.51,1313,1420.8720208238574
1826,41.53,1316,1419.8067988488901
1827,41.55,1302,1418.7337547184106
1828,41.57,1264,1417.6528812381648
1829,41.59,1317,1416.564171667953
1830,41.61,1317,1415.4676197230383
1831,41.63,1262,1414.3632195777427
1832,41.65,1322,1413.2509658689005
1833,41.67,1264,1412.1308536978358
1834,41.69,1325,1411.0028786338826
1835,41.71,1290,1409.86703671722
1836,41.73,1275,1408.723324461921
1837,41.75,1276,1407.5717388588891
1838,41.77,1280,1406.4122773785302
1839,41.79,1239,1405.2449379742848
1840,41.81,1302,1404.0697190853161
1841,41.83,1299,1402.8866196394529
1842,41.85,1272,1401.6956390560945
1843,41.87,1257,1400.4967772501159
1844,41.89,1223,1399.2900346334927
1845,41.91,1234,1398.0754121191549
1846,41.93,1293,1396.8529111243215
1847,41.95,1245,1395.6225335729523
1848,41.97,1291,1394.384281898624
1849,41.99,1253,1393.1381590484125
1850,42.01,1297,1391.884168485576
1851,42.03,1255,1390.6223141920773
1852,42.05,1303,1389.352600672628
1853,42.07,1233,1388.0750329569928
1854,42.09,1270,1386.7896166036098
1855,42.11,1236,1385.4963577024
1856,42.13,1270,1384.1952628779745
1857,42.15,1254,1382.8863392927888
1858,42.17,1294,1381.569594650371
1859,42.19,1226,1380.245037197822
1860,42.21,1280,1378.9126757301465
1861,42.23,1271,1377.5725195921905
1862,42.25,1297,1376.2245786828244
1863,42.27,1366,1374.868863456859
1864,42.29,1341,1373.5053849297028
1865,42.31,1286,1372.134154679582
1866,42.33,1309,1370.755184850651
1867,42.35,1321,1369.3684881572526
1868,42.37,1274,1367.9740778853475
1869,42.39,1271,1366.5719678974792
1870,42.41,1295,1365.162172635024
1871,42.43,1303,1363.7447071216611
1872,42.45,1340,1362.319586966777
1873,42.47,1247,1360.8868283680777
1874,42.49,1266,1359.4464481158057
1875,42.51,1335,1357.9984635951841
1876,42.53,1255,1356.5428927898047
1877,42.55,1213,1355.0797542854789
1878,42.57,1258,1353.609067272765
1879,42.59,1258,1352.1308515508872
1880,42.61,1294,1350.6451275304007
1881,42.63,1224,1349.1519162371233
1882,42.65,1251,1347.6512393149615
1883,42.67,1339,1346.1431190294443
1884,42.69,1211,1344.6275782711746
1885,42.71,1194,1343.1046405588186
1886,42.73,1281,1341.5743300425092
1887,42.75,1187,1340.036671507717
1888,42.77,1193,1338.4916903778903
1889,42.79,1239,1336.9394127184187
1890,42.81,1182,1335.3798652391197
1891,42.83,1261,1333.81307529879
1892,42.85,1308,1332.2390709081974
1893,42.87,1201,1330.6578807322394
1894,42.89,1293,1329.069534095629
1895,42.91,1140,1327.4740609841674
1896,42.93,1245,1325.8714920496486
1897,42.95,1218,1324.2618586122062
1898,42.97,1242,1322.645192664736
1899,42.99,1276,1321.0215268754519
1900,43.01,1227,1319.3908945917865
1901,43.03,1200,1317.7533298438348
1902,43.05,1259,1316.1088673479499
1903,43.07,1230,1314.4575425096345
1904,43.09,1242,1312.799391427282
1905,43.11,1215,1311.1344508966722
1906,43.13,1250,1309.4627584126965
1907,43.15,1200,1307.7843521739333
1908,43.17,1260,1306.0992710859646
1909,43.19,1215,1304.4075547654402
1910,43.21,1276,1302.7092435421282
1911,43.23,1287,1301.0043784638337
1912,43.25,1165,1299.2930012997967
1913,43.27,1282,1297.5751545434032
1914,43.29,1212,1295.850881416326
1915,43.31,1254,1294.120225872357
1916,43.33,1173,1292.3832325999774
1917,43.35,1183,1290.6399470276137
1918,43.37,1162,1288.890415325236
1919,43.39,1212,1287.1346844093323
1920,43.41,1205,1285.372801946287
1921,43.43,1244,1283.6048163553214
1922,43.45,1241,1281.8307768130062
1923,43.47,1164,1280.0507332564748
1924,43.49,1260,1278.2647363866708
1925,43.51,1191,1276.4728376728926
1926,43.53,1216,1274.6750893556327
1927,43.55,1223,1272.8715444505133
1928,43.57,1256,1271.0622567521168
1929,43.59,1273,1269.247280837275
1930,43.61,1216,1267.4266720691312
1931,43.63,1213,1265.6004866011535
1932,43.65,1213,1263.7687813794855
1933,43.67,1192,1261.9316141480176
1934,43.69,1180,1260.0890434518105
1935,43.71,1190,1258.2411286400666
1936,43.73,1211,1256.387929870837
1937,43.75,1187,1254.5295081143267
1938,43.77,1197,1252.6659251561987
1939,43.79,1218,1250.7972436023874
1940,43.81,1165,1248.9235268818884
1941,43.83,1205,1247.0448392510343
1942,43.85,1206,1245.161245796733
1943,43.87,1141,1243.2728124411333
1944,43.89,1198,1241.379605944835
1945,43.91,1180,1239.4816939103712
1946,43.93,1224,1237.5791447869833
1947,43.95,1207,1235.6720278735793
1948,43.97,1140,1233.7604133225868
1949,43.99,1145,1231.8443721445901
1950,44.01,1205,1229.9239762113048
1951,44.03,1200,1227.9992982601852
1952,44.05,1158,1226.0704118970098
1953,44.07,1164,1224.1373916011407
1954,44.09,1221,1222.2003127291637
1955,44.11,1182,1220.2592515177394
1956,44.13,1194,1218.314285088386
1957,44.15,1261,1216.3654914517992
1958,44.17,1282,1214.4129495103762
1959,44.19,1237,1212.4567390630873
1960,44.21,1234,1210.4969408094776
1961,44.23,1183,1208.5336363533297
1962,44.25,1141,1206.5669082062905
1963,44.27,1234,1204.5968397920533
1964,44.29,1191,1202.6235154509623
1965,44.31,1229,1200.6470204430116
1966,44.33,1211,1198.667440951952
1967,44.35,1201,1196.6848640899598
1968,44.37,1168,1194.69937790092
1969,44.39,1276,1192.7110713648617
1970,44.41,1200,1190.7200344017383
1971,44.43,1200,1188.7263578752672
1972,44.45,1284,1186.7301335973088
1973,44.47,1261,1184.731454331848
1974,44.49,1195,1182.7304137987821
1975,44.51,1187,1180.727106678094
1976,44.53,1186,1178.7216286140056
1977,44.55,1230,1176.714076218842
1978,44.57,1178,1174.7045470774656
1979,44.59,1165,1172.6931397505987
1980,44.61,1190,1170.6799537798033
1981,44.63,1214,1168.665089690966
1982,44.65,1177,1166.6486489990239
1983,44.67,1200,1164.630734210882
1984,44.69,1137,1162.611448830764
1985,44.71,1146,1160.5908973642772
1986,44.73,1183,1158.569185321442
1987,44.75,1179,1156.546419221665
1988,44.77,1174,1154.5227065980534
1989,44.79,1144,1152.49815600097
1990,44.81,1147,1150.4728770026295
1991,44.83,1185,1148.4469802014546
1992,44.85,1199,1146.4205772255145
1993,44.87,1203,1144.3937807372804
1994,44.89,1117,1142.3667044375916
1995,44.91,1199,1140.3394630702169
1996,44.93,1193,1138.3121724260363
1997,44.95,1100,1136.28494934635
1998,44.97,1150,1134.257911728363
1999,44.99,1156,1132.2311785289658
2000,45.01,1116,1130.204869768203
2001,45.03,1128,1128.1791065349344
2002,45.05,1134,1126.1540109903244
2003,45.07,1142,1124.1297063718775
2004,45.09,1169,1122.1063169982008
2005,45.11,1148,1120.0839682729875
2006,45.13,1089,1118.0627866899176
2007,45.15,1141,1116.0428998358248
2008,45.17,1213,1114.0244363960992
2009,45.19,1109,1112.007526158849
2010,45.21,1082,1109.9923000183917
2011,45.23,1155,1107.9788899803689
2012,45.25,1177,1105.9674291663378
2013,45.27,1145,1103.9580518175271
2014,45.29,1151,1101.950893299011
2015,45.31,1207,1099.9460901046577
2016,45.33,1162,1097.9437798619056
2017,45.35,1198,1095.9441013346213
2018,45.37,1097,1093.9471944290826
2019,45.39,1145,1091.9532001977313
2020,45.41,1072,1089.9622608433829
2021,45.43,1141,1087.9745197238535
2022,45.45,1149,1085.9901213564908
2023,45.47,1126,1084.009211423113
2024,45.49,1163,1082.0319367729871
2025,45.51,1138,1080.0584454287236
2026,45.53,1102,1078.0888865902125
2027,45.55,1074,1076.1234106390657
2028,45.57,1128,1074.1621691431037
2029,45.59,1082,1072.2053148608056
2030,45.61,1097,1070.2530017460876
2031,45.63,1165,1068.3053849526723
2032,45.65,1106,1066.3626208383712
2033,45.67,1055,1064.42486697
2034,45.69,1106,1062.492282127614
2035,45.71,1143,1060.5650263090429
2036,45.73,1111,1058.6432607348852
2037,45.75,1099,1056.7271478524763
2038,45.77,1126,1054.8168513410374
2039,45.79,1074,1052.9125361156011
2040,45.81,1103,1051.0143683320393
2041,45.83,1143,1049.1225153918012
2042,45.85,1118,1047.2371459461383
2043,45.87,1044,1045.358429900898
2044,45.89,1082,1043.4865384210507
2045,45.91,1161,1041.6216439356049
2046,45.93,1139,1039.7639201415423
2047,45.95,1206,1037.9135420095954
2048,45.97,1125,1036.070685788145
2049,45.99,1124,1034.2355290075966
2050,46.01,1130,1032.4082504856206
2051,46.03,1158,1030.5890303322649
2052,46.05,1124,1028.7780499529526
2053,46.07,1107,1026.9754920553687
2054,46.09,1150,1025.1815406528412
2055,46.11,1095,1023.3963810687574
2056,46.13,1154,1021.6201999423338
2057,46.15,1111,1019.853185232806
2058,46.17,1114,1018.0955262246216
2059,46.19,1127,1016.3474135307815
2060,46.21,1158,1014.6090390996187
2061,46.23,1218,1012.8805962182832
2062,46.25,1163,1011.1622795175581
2063,46.27,1140,1009.4542849770751
2064,46.29,1075,1007.7568099300706
2065,46.31,1108,1006.0700530681861
2066,46.33,1132,1004.3942144454813
2067,46.35,1095,1002.7294954846175
2068,46.37,1109,1001.0760989810315
2069,46.39,1079,999.4342291071926
2070,46.41,1173,997.8040914183293
2071,46.43,1120,996.1858928571655
2072,46.45,1075,994.5798417582646
2073,46.47,1093,992.9861478532903
2074,46.49,1078,991.4050222760525
2075,46.51,1090,989.8366775672212
2076,46.53,1086,988.2813276787692
2077,46.55,1112,986.7391879793731
2078,46.57,1079,985.2104752598652
2079,46.59,1117,983.6954077369346
2080,46.61,1123,982.1942050588532
2081,46.63,1043,980.7070883104234
2082,46.65,1096,979.2342800174392
2083,46.67,1105,977.7760041525562
2084,46.69,1080,976.3324861389137
2085,46.71,1115,974.9039528569147
2086,46.73,1132,973.4906326470509
2087,46.75,1068,972.0927553164829
2088,46.77,1097,970.7105521443063
2089,46.79,1110,969.3442558848064
2090,46.81,1067,967.9941007744746
2091,46.83,1053,966.6603225352683
2092,46.85,1073,965.3431583812671
2093,46.87,1081,964.0428470225479
2094,46.89,1090,962.7596286705566
2095,46.91,1092,961.4937450436782
2096,46.93,1083,960.2454393719399
2097,46.95,1098,959.0149564015064
2098,46.97,1053,957.8025424009165
2099,46.99,1049,956.6084451656043
2100,47.01,1068,955.4329140229856
2101,47.03,1108,954.2761998372189
2102,47.05,1095,953.1385550154
2103,47.07,1048,952.0202335120393
2104,47.09,1020,950.921490833317
2105,47.11,1011,949.8425840444697
2106,47.13,1111,948.7837717731127
2107,47.15,1029,947.7453142142667
2108,47.17,1086,946.7274731371608
2109,47.19,1019,945.7305118895265
2110,47.21,990,944.7546954025293
2111,47.23,1028,943.8002901958198
2112,47.25,1067,942.8675643839424
2113,47.27,1098,941.9567876803312
2114,47.29,1064,941.0682314031264
2115,47.31,968,940.2021684803194
2116,47.33,997,939.3588734553978
2117,47.35,1058,938.5386224917456
2118,47.37,1043,937.7416933785007
2119,47.39,1015,936.968365535824
2120,47.41,1026,936.218920020603
2121,47.43,988,935.4936395305931
2122,47.45,1072,934.7928084101732
2123,47.47,1066,934.1167126575929
2124,47.49,1049,933.4656399264813
2125,47.51,1037,932.8398795349322
2126,47.53,1007,932.2397224682281
2127,47.55,1060,931.6654613861747
2128,47.57,1026,931.1173906268677
2129,47.59,1054,930.5958062128366
2130,47.61,1039,930.1010058568845
2131,47.63,1034,929.6332889660898
2132,47.65,1070,929.1929566486051
2133,47.67,1066,928.7803117183576
2134,47.69,1017,928.3956587010434
2135,47.71,1043,928.0393038381007
2136,47.73,1030,927.711555094631
2137,47.75,1007,927.4127221626877
2138,47.77,1056,927.1431164669793
2139,47.79,983,926.9030511721039
2140,47.81,1000,926.6928411854551
2141,47.83,985,926.5128031652002
2142,47.85,1049,926.363255523951
2143,47.87,1038,926.2445184349353
2144,47.89,1007,926.1569138376808
2145,47.91,1004,926.1007654434416
2146,47.93,974,926.0763987401097
2147,47.95,1043,926.0841409994828
2148,47.97,986,926.1243212804566
2149,47.99,1074,926.1972704359468
2150,48.01,1016,926.3033211191123
2151,48.03,995,926.4428077874736
2152,48.05,999,926.6160667093272
2153,48.07,1035,926.8234359686858
2154,48.09,1022,927.065255472533
2155,48.11,1017,927.3418669542134
2156,48.13,1042,927.6536139800992
2157,48.15,940,928.0008419560436
2158,48.17,1044,928.3838981322233
2159,48.19,964,928.8031316075021
2160,48.21,1018,929.2588933379857
2161,48.23,1028,929.751536140312
2162,48.25,1020,930.2814146986375
2163,48.27,976,930.8488855688829
2164,48.29,953,931.45430718649
2165,48.31,940,932.0980398707488
2166,48.33,1000,932.7804458301771
2167,48.35,958,933.501889169529
2168,48.37,1032,934.2627358951231
2169,48.39,997,935.0633539193641
2170,48.41,1020,935.9041130683454
2171,48.43,909,936.7853850864112
2172,48.45,948,937.7075436431351
2173,48.47,975,938.670964336643
2174,48.49,946,939.6760247021821
2175,48.51,1055,940.7231042169251
2176,48.53,1011,941.8125843051994
2177,48.55,1028,942.9448483445576
2178,48.57,995,944.1202816721534
2179,48.59,1050,945.3392715908449
2180,48.61,1014,946.6022073725835
2181,48.63,888,947.9094802687259
2182,48.65,980,949.2614835113427
2183,48.67,1039,950.6586123219076
2184,48.69,955,952.1012639158471
2185,48.71,967,953.5898375099614
2186,48.73,1010,955.1247343262194
2187,48.75,1007,956.7063575993216
2188,48.77,958,958.3351125823465
2189,48.79,938,960.0114065524549
2190,48.81,925,961.7356488160058
2191,48.83,990,963.5082507164134
2192,48.85,935,965.3296256380963
2193,48.87,1024,967.2001890145339
2194,48.89,925,969.1203583318684
2195,48.91,952,971.0905531370645
2196,48.93,949,973.1111950430422
2197,48.95,955,975.1827077340931
2198,48.97,942,977.3055169729632
2199,48.99,1009,979.4800506059646
2200,49.01,920,981.7067385702194
2201,49.03,1006,983.9860128979972
2202,49.05,944,986.3183077244021
2203,49.07,930,988.704059292927
2204,49.09,939,991.1437059607679
2205,49.11,1011,993.6376882058257
2206,49.13,935,996.1864486329878
2207,49.15,956,998.7904319789859
2208,49.17,972,1001.4500851200028
2209,49.19,919,1004.1658570770232
2210,49.21,933,1006.9381990216853
2211,49.23,946,1009.76756428312
2212,49.25,930,1012.65440835337
2213,49.27,997,1015.5991888948529
2214,49.29,948,1018.6023657455289
2215,49.31,959,1021.6644009241918
2216,49.33,981,1024.7857586392065
2217,49.35,889,1027.9669052922645
2218,49.37,949,1031.208309485899
2219,49.39,948,1034.5104420288963
2220,49.41,964,1037.873775944432
2221,49.43,888,1041.298786473948
2222,49.45,992,1044.7859510835951
2223,49.47,905,1048.3357494727798
2224,49.49,962,1051.9486635787043
2225,49.51,895,1055.6251775821038
2226,49.53,886,1059.3657779147215
2227,49.55,950,1063.1709532658697
2228,49.57,919,1067.041194587332
2229,49.59,871,1070.9769951002572
2230,49.61,885,1074.9788503032532
2231,49.63,939,1079.0472579754578
2232,49.65,907,1083.1827181854023
2233,49.67,973,1087.3857332964544
2234,49.69,932,1091.6568079741965
2235,49.71,920,1095.9964491908386
2236,49.73,925,1100.4051662325874
2237,49.75,918,1104.8834707077403
2238,49.77,999,1109.4318765498401
2239,49.79,898,1114.0509000270977
2240,49.81,926,1118.7410597467288
2241,49.83,933,1123.5028766627102
2242,49.85,928,1128.336874081503
2243,49.87,942,1133.2435776693246
2244,49.89,930,1138.223515456897
2245,49.91,915,1143.2772178486102
2246,49.93,969,1148.4052176261066
2247,49.95,941,1153.6080499572126
2248,49.97,895,1158.8862524008337
2249,49.99,918,1164.2403649144408
