,x,y,y_pred
0,5.01,1909,2210.3319881410603
1,5.03,1896,2204.532543191703
2,5.05,2020,2198.7932039036145
3,5.07,1977,2193.1137388661864
4,5.09,1956,2187.493916872436
5,5.11,2008,2181.9335069205513
6,5.13,1885,2176.432278215447
7,5.15,1953,2170.990000170299
8,5.17,1944,2165.606442408083
9,5.19,1998,2160.281374763104
10,5.21,1986,2155.014567282519
11,5.23,1930,2149.8057902278533
12,5.25,2009,2144.6548140765144
13,5.27,1952,2139.5614095232945
14,5.29,2019,2134.5253474818724
15,5.31,1868,2129.5463990863045
16,5.33,1829,2124.624335692514
17,5.35,1945,2119.7589288797703
18,5.37,1963,2114.9499504521687
19,5.39,1948,2110.197172440094
20,5.41,1875,2105.500367101688
21,5.43,1957,2100.8593069243066
22,5.45,1948,2096.2737646259707
23,5.47,2000,2091.7435131568127
24,5.49,1987,2087.2683257005147
25,5.51,1973,2082.8479756757442
26,5.53,1979,2078.4822367375837
27,5.55,1902,2074.170882778947
28,5.57,1965,2069.913687932002
29,5.59,1960,2065.710426569576
30,5.61,2030,2061.5608733065656
31,5.63,2061,2057.4648030013277
32,5.65,2073,2053.4219907570814
33,5.67,1992,2049.4322119232875
34,5.69,1921,2045.4952420970321
35,5.71,1977,2041.610857124403
36,5.73,1981,2037.7788331018583
37,5.75,1913,2033.99894637759
38,5.77,2014,2030.2709735528797
39,5.79,1969,2026.594691483454
40,5.81,2003,2022.9698772808297
41,5.83,1965,2019.3963083136532
42,5.85,1998,2015.8737622090339
43,5.87,2015,2012.4020168538773
44,5.89,1987,2008.980850396203
45,5.91,1985,2005.6100412464666
46,5.93,1970,2002.2893680788675
47,5.95,2068,1999.0186098326549
48,5.97,1985,1995.7975457134326
49,5.99,1979,1992.6259551944459
50,6.01,1975,1989.5036180178768
51,6.03,1943,1986.4303141961227
52,6.05,1928,1983.4058240130762
53,6.07,2010,1980.4299280253945
54,6.09,1989,1977.5024070637655
55,6.11,1983,1974.6230422341687
56,6.13,2085,1971.7916149191306
57,6.15,1963,1969.0079067789675
58,6.17,2049,1966.2716997530397
59,6.19,2007,1963.5827760609773
60,6.21,1953,1960.9409182039171
61,6.23,1977,1958.34590896573
62,6.25,2115,1955.7975314142395
63,6.27,2068,1953.2955689024357
64,6.29,2004,1950.839805069687
65,6.31,1996,1948.4300238429405
66,6.33,2003,1946.0660094379236
67,6.35,2037,1943.7475463603341
68,6.37,2034,1941.4744194070245
69,6.39,2029,1939.2464136671906
70,6.41,2026,1937.0633145235388
71,6.43,1984,1934.9249076534616
72,6.45,2012,1932.8309790302
73,6.47,2040,1930.781314924002
74,6.49,2060,1928.775701903277
75,6.51,1978,1926.8139268357436
76,6.53,2082,1924.8957768895707
77,6.55,2049,1923.0210395345157
78,6.57,1995,1921.189502543055
79,6.59,2002,1919.4009539915087
80,6.61,2010,1917.6551822611636
81,6.63,2111,1915.951976039386
82,6.65,2054,1914.291124320729
83,6.67,1950,1912.6724164080397
84,6.69,2005,1911.0956419135573
85,6.71,1974,1909.560590760003
86,6.73,2006,1908.0670531816695
87,6.75,1967,1906.6148197255015
88,6.77,2028,1905.2036812521746
89,6.79,2054,1903.8334289371642
90,6.81,1983,1902.5038542718094
91,6.83,2064,1901.2147490643802
92,6.85,1969,1899.9659054411213
93,6.87,2051,1898.757115847311
94,6.89,1984,1897.5881730482997
95,6.91,2047,1896.4588701305538
96,6.93,1962,1895.3690005026792
97,6.95,1996,1894.318357896459
98,6.97,1975,1893.306736367872
99,6.99,1979,1892.3339302981058
100,7.01,1979,1891.3997343945784
101,7.03,1987,1890.5039436919315
102,7.05,2001,1889.646353553042
103,7.07,2027,1888.8267596700143
104,7.09,1962,1888.0449580651666
105,7.11,1990,1887.300745092024
106,7.13,1998,1886.5939174362884
107,7.15,1955,1885.9242721168212
108,7.17,1956,1885.2916064866067
109,7.19,2045,1884.695718233721
110,7.21,1995,1884.1364053822845
111,7.23,2034,1883.61346629342
112,7.25,1917,1883.126699666197
113,7.27,2101,1882.675904538578
114,7.29,1976,1882.2608802883515
115,7.31,1988,1881.8814266340696
116,7.33,1949,1881.5373436359696
117,7.35,2050,1881.2284316968953
118,7.37,1946,1880.9544915632232
119,7.39,1993,1880.715324325759
120,7.41,1981,1880.5107314206552
121,7.43,2019,1880.3405146303057
122,7.45,2050,1880.2044760842455
123,7.47,2045,1880.1024182600368
124,7.49,2003,1880.0341439841586
125,7.51,1947,1879.9994564328817
126,7.53,2003,1879.9981591331489
127,7.55,1975,1880.0300559634425
128,7.57,1949,1880.094951154646
129,7.59,2004,1880.1926492909088
130,7.61,1912,1880.3229553104948
131,7.63,1964,1880.4856745066381
132,7.65,1915,1880.6806125283802
133,7.67,1986,1880.9075753814159
134,7.69,1957,1881.166369428919
135,7.71,2042,1881.4568013923772
136,7.73,2003,1881.7786783524161
137,7.75,1939,1882.131807749609
138,7.77,1958,1882.5159973853042
139,7.79,1982,1882.931055422422
140,7.81,2034,1883.3767903862627
141,7.83,1929,1883.8530111653045
142,7.85,1929,1884.3595270119931
143,7.87,2023,1884.8961475435362
144,7.89,1984,1885.4626827426837
145,7.91,1942,1886.0589429585043
146,7.93,1977,1886.6847389071572
147,7.95,2006,1887.3398816726658
148,7.97,2029,1888.024182707677
149,7.99,1916,1888.7374538342192
150,8.01,2022,1889.4795072444558
151,8.03,2032,1890.2501555014323
152,8.05,2006,1891.0492115398229
153,8.07,1971,1891.876488666664
154,8.09,2002,1892.731800562091
155,8.11,2101,1893.6149612800627
156,8.13,1919,1894.5257852490904
157,8.15,2002,1895.4640872729478
158,8.17,2079,1896.4296825313932
159,8.19,2013,1897.4223865808717
160,8.21,1976,1898.4420153552228
161,8.23,2035,1899.4883851663735
162,8.25,2076,1900.561312705041
163,8.27,2034,1901.660615041411
164,8.29,1935,1902.7861096258284
165,8.31,1964,1903.937614289478
166,8.33,1946,1905.1149472450506
167,8.35,2089,1906.317927087418
168,8.37,1981,1907.546372794298
169,8.39,1972,1908.800103726915
170,8.41,2038,1910.0789396306463
171,8.43,2033,1911.3827006356796
172,8.45,2006,1912.711207257661
173,8.47,1912,1914.0642803983255
174,8.49,2020,1915.4417413461388
175,8.51,1998,1916.8434117769257
176,8.53,1949,1918.2691137545025
177,8.55,2009,1919.7186697312845
178,8.57,2038,1921.191902548916
179,8.59,2030,1922.6886354388735
180,8.61,2032,1924.2086920230768
181,8.63,1974,1925.7518963144857
182,8.65,2071,1927.3180727177032
183,8.67,2062,1928.9070460295643
184,8.69,1934,1930.518641439723
185,8.71,2054,1932.152684531241
186,8.73,1970,1933.8090012811554
187,8.75,2014,1935.4874180610668
188,8.77,2002,1937.1877616376914
189,8.79,1956,1938.9098591734382
190,8.81,2021,1940.6535382269622
191,8.83,1921,1942.4186267537234
192,8.85,1993,1944.2049531065304
193,8.87,2090,1946.0123460360883
194,8.89,2044,1947.8406346915463
195,8.91,2053,1949.689648621019
196,8.93,1946,1951.5592177721364
197,8.95,1955,1953.449172492551
198,8.97,2042,1955.3593435304801
199,8.99,2051,1957.289562035202
200,9.01,2055,1959.2396595575847
201,9.03,2026,1961.2094680505888
202,9.05,1983,1963.1988198697718
203,9.07,2036,1965.2075477737853
204,9.09,2114,1967.2354849248686
205,9.11,2059,1969.282464889343
206,9.13,2073,1971.3483216380946
207,9.15,1963,1973.4328895470526
208,9.17,1934,1975.5360033976676
209,9.19,2045,1977.6574983773853
210,9.21,2028,1979.7972100801098
211,9.23,2039,1981.954974506667
212,9.25,2029,1984.1306280652616
213,9.27,2067,1986.3240075719332
214,9.29,2036,1988.5349502510044
215,9.31,1964,1990.7632937355238
216,9.33,2032,1993.0088760677036
217,9.35,2041,1995.2715356993622
218,9.37,2048,1997.5511114923474
219,9.39,2100,1999.847442718964
220,9.41,2000,2002.1603690624006
221,9.43,2063,2004.4897306171433
222,9.45,2096,2006.835367889389
223,9.47,1987,2009.1971217974524
224,9.49,2128,2011.5748336721726
225,9.51,2085,2013.9683452573117
226,9.53,1964,2016.3774987099487
227,9.55,1998,2018.8021366008716
228,9.57,2031,2021.2421019149688
229,9.59,2011,2023.6972380515954
230,9.61,1985,2026.1673888249652
231,9.63,2013,2028.6523984645246
232,9.65,2065,2031.1521116153099
233,9.67,1979,2033.6663733383175
234,9.69,2000,2036.1950291108706
235,9.71,2109,2038.7379248269626
236,9.73,2145,2041.2949067976124
237,9.75,2078,2043.8658217512184
238,9.77,2070,2046.4505168338928
239,9.79,2127,2049.0488396098017
240,9.81,2088,2051.6606380615003
241,9.83,2101,2054.285760590259
242,9.85,2061,2056.924056016397
243,9.87,2103,2059.5753735795925
244,9.89,2093,2062.2395629392104
245,9.91,2061,2064.9164741745944
246,9.93,2098,2067.6059577854085
247,9.95,2027,2070.307864691905
248,9.97,2165,2073.02204623525
249,9.99,2066,2075.748354177804
250,10.01,2105,2078.486640703414
251,10.03,2113,2081.2367584177164
252,10.05,2141,2083.9985603483938
253,10.07,2063,2086.7718999454737
254,10.09,2183,2089.5566310815902
255,10.11,2182,2092.3526080522597
256,10.13,2111,2095.159685576147
257,10.15,2033,2097.977718795323
258,10.17,2181,2100.8065632755256
259,10.19,2125,2103.64607500641
260,10.21,2055,2106.4961104017952
261,10.23,2167,2109.3565262999127
262,10.25,2154,2112.2271799636496
263,10.27,2097,2115.107929080776
264,10.29,2145,2117.998631764183
265,10.31,2172,2120.8991465521112
266,10.33,2167,2123.809332408374
267,10.35,2087,2126.729048722568
268,10.37,2055,2129.6581553103097
269,10.39,2063,2132.596512413421
270,10.41,2115,2135.5439807001585
271,10.43,2007,2138.5004212654076
272,10.45,2149,2141.465695630869
273,10.47,2156,2144.439665745285
274,10.49,2146,2147.422193984596
275,10.51,2224,2150.413143152152
276,10.53,2157,2153.4123764788837
277,10.55,2173,2156.4197576234847
278,10.57,2212,2159.435150672587
279,10.59,2161,2162.4584201409225
280,10.61,2096,2165.4894309715087
281,10.63,2231,2168.5280485357903
282,10.65,2247,2171.5741386338123
283,10.67,2087,2174.627567494366
284,10.69,2122,2177.688201775149
285,10.71,2131,2180.7559085629014
286,10.73,2181,2183.830555373551
287,10.75,2098,2186.9120101523563
288,10.77,2115,2190.0001412740385
289,10.79,2164,2193.094817542907
290,10.81,2157,2196.1959081930036
291,10.83,2186,2199.3032828881933
292,10.85,2108,2202.416811722317
293,10.87,2178,2205.5363652192905
294,10.89,2145,2208.6618143332093
295,10.91,2138,2211.793030448464
296,10.93,2268,2214.9298853798477
297,10.95,2185,2218.072251372644
298,10.97,2139,2221.2200011027276
299,10.99,2119,2224.3730076766537
300,11.01,2226,2227.531144631755
301,11.03,2210,2230.694285936213
302,11.05,2180,2233.8623059891365
303,11.07,2250,2237.035079620646
304,11.09,2186,2240.212482091948
305,11.11,2142,2243.3943890953897
306,11.13,2166,2246.5806767545328
307,11.15,2176,2249.7712216242185
308,11.17,2098,2252.965900690608
309,11.19,2168,2256.1645913712514
310,11.21,2114,2259.3671715151213
311,11.23,2245,2262.5735194026793
312,11.25,2210,2265.7835137458937
313,11.27,2144,2268.9970336882957
314,11.29,2188,2272.213958804995
315,11.31,2126,2275.43416910273
316,11.33,2301,2278.657545019877
317,11.35,2246,2281.883967426485
318,11.37,2265,2285.113317624283
319,11.39,2303,2288.345477346703
320,11.41,2179,2291.5803287588897
321,11.43,2229,2294.8177544577024
322,11.45,2264,2298.057637471731
323,11.47,2255,2301.299861261281
324,11.49,2246,2304.544309718379
325,11.51,2255,2307.790867166758
326,11.53,2239,2311.0394183618623
327,11.55,2206,2314.289848490817
328,11.57,2252,2317.5420431724056
329,11.59,2226,2320.7958884570617
330,11.61,2194,2324.0512708268407
331,11.63,2363,2327.30807719539
332,11.65,2230,2330.5661949078967
333,11.67,2191,2333.8255117410818
334,11.69,2191,2337.08591590314
335,11.71,2255,2340.347296033701
336,11.73,2326,2343.6095412037707
337,11.75,2268,2346.872540915712
338,11.77,2211,2350.1361851031475
339,11.79,2287,2353.400364130926
340,11.81,2274,2356.6649687950626
341,11.83,2258,2359.9298903226563
342,11.85,2241,2363.1950203718343
343,11.87,2249,2366.460251031675
344,11.89,2249,2369.725474822136
345,11.91,2359,2372.990584693957
346,11.93,2324,2376.2554740285987
347,11.95,2311,2379.5200366381387
348,11.97,2289,2382.784166765194
349,11.99,2333,2386.0477590828164
350,12.01,2257,2389.310708694397
351,12.03,2304,2392.572911133566
352,12.05,2300,2395.834262364095
353,12.07,2331,2399.0946587797716
354,12.09,2352,2402.3539972043063
355,12.11,2306,2405.6121748912083
356,12.13,2300,2408.869089523653
357,12.15,2250,2412.124639214398
358,12.17,2380,2415.378722505613
359,12.19,2253,2418.6312383687823
360,12.21,2349,2421.882086204558
361,12.23,2364,2425.1311658426207
362,12.25,2295,2428.3783775415577
363,12.27,2327,2431.6236219887005
364,12.29,2346,2434.866800299984
365,12.31,2343,2438.1078140198065
366,12.33,2257,2441.346565120869
367,12.35,2306,2444.582956004012
368,12.37,2375,2447.8168894980654
369,12.39,2243,2451.0482688596876
370,12.41,2376,2454.2769977731878
371,12.43,2398,2457.5029803503585
372,12.45,2318,2460.726121130311
373,12.47,2362,2463.946325079296
374,12.49,2410,2467.163497590509
375,12.51,2301,2470.377544483925
376,12.53,2400,2473.588372006102
377,12.55,2426,2476.7958868299984
378,12.57,2321,2479.9999960547675
379,12.59,2378,2483.200607205575
380,12.61,2424,2486.3976282333847
381,12.63,2361,2489.590967514766
382,12.65,2352,2492.7805338516855
383,12.67,2281,2495.966236471286
384,12.69,2449,2499.1479850256933
385,12.71,2330,2502.325689591785
386,12.73,2306,2505.499260670969
387,12.75,2475,2508.6686091889737
388,12.77,2349,2511.8336464956087
389,12.79,2436,2514.9942843645395
390,12.81,2419,2518.1504349930674
391,12.83,2477,2521.302011001865
392,12.85,2520,2524.448925434763
393,12.87,2345,2527.5910917585043
394,12.89,2444,2530.7284238624807
395,12.91,2491,2533.8608360585044
396,12.93,2447,2536.9882430805515
397,12.95,2428,2540.110560084492
398,12.97,2389,2543.2277026478537
399,12.99,2441,2546.339586769549
400,13.01,2388,2549.4461288696084
401,13.03,2434,2552.5472457889073
402,13.05,2346,2555.6428547889254
403,13.07,2519,2558.7328735514284
404,13.09,2469,2561.8172201782313
405,13.11,2382,2564.8958131908926
406,13.13,2398,2567.968571530428
407,13.15,2396,2571.0354145570495
408,13.17,2537,2574.0962620498603
409,13.19,2531,2577.151034206554
410,13.21,2434,2580.199651643133
411,13.23,2450,2583.2420353935954
412,13.25,2420,2586.2781069096577
413,13.27,2418,2589.3077880604233
414,13.29,2362,2592.3310011320805
415,13.31,2433,2595.347668827605
416,13.33,2416,2598.3577142664412
417,13.35,2438,2601.3610609841608
418,13.37,2497,2604.35763293218
419,13.39,2404,2607.3473544774174
420,13.41,2513,2610.330150401958
421,13.43,2469,2613.305945902747
422,13.45,2562,2616.274666591245
423,13.47,2440,2619.2362384930807
424,13.49,2513,2622.1905880477384
425,13.51,2528,2625.137642108205
426,13.53,2442,2628.077327940614
427,13.55,2530,2631.009573223922
428,13.57,2490,2633.9343060495357
429,13.59,2469,2636.851454920979
430,13.61,2561,2639.7609487535174
431,13.63,2469,2642.6627168738196
432,13.65,2592,2645.556689019577
433,13.67,2550,2648.4427953391505
434,13.69,2534,2651.3209663911994
435,13.71,2537,2654.19113314432
436,13.73,2523,2657.0532269766477
437,13.75,2527,2659.9071796755093
438,13.77,2536,2662.7529234370295
439,13.79,2629,2665.5903908657447
440,13.81,2511,2668.4195149742363
441,13.83,2528,2671.240229182718
442,13.85,2570,2674.0524673186605
443,13.87,2531,2676.856163616406
444,13.89,2495,2679.651252716753
445,13.91,2560,2682.4376696665677
446,13.93,2625,2685.2153499183805
447,13.95,2551,2687.9842293299866
448,13.97,2615,2690.7442441640214
449,13.99,2596,2693.4953310875735
450,14.01,2555,2696.2374271717563
451,14.03,2613,2698.970469891297
452,14.05,2614,2701.694397124112
453,14.07,2623,2704.409147150902
454,14.09,2664,2707.114658654703
455,14.11,2521,2709.810870720483
456,14.13,2474,2712.4977228346957
457,14.15,2599,2715.1751548848606
458,14.17,2662,2717.8431071591117
459,14.19,2573,2720.501520345787
460,14.21,2538,2723.1503355329546
461,14.23,2667,2725.7894942079897
462,14.25,2663,2728.418938257126
463,14.27,2672,2731.0386099650145
464,14.29,2644,2733.6484520142476
465,14.31,2570,2736.2484074849317
466,14.33,2557,2738.838419854212
467,14.35,2679,2741.4184329958243
468,14.37,2672,2743.988391179633
469,14.39,2610,2746.548239071163
470,14.41,2642,2749.0979217311187
471,14.43,2643,2751.6373846149445
472,14.45,2628,2754.166573572326
473,14.47,2752,2756.685434846724
474,14.49,2708,2759.193915074903
475,14.51,2662,2761.6919612864353
476,14.53,2637,2764.1795209032407
477,14.55,2661,2766.6565417390693
478,14.57,2651,2769.1229719990474
479,14.59,2716,2771.578760279163
480,14.61,2736,2774.023855565782
481,14.63,2698,2776.458207235148
482,14.65,2750,2778.881765052893
483,14.67,2699,2781.2944791735185
484,14.69,2704,2783.696300139921
485,14.71,2713,2786.08717888284
486,14.73,2718,2788.4670667204095
487,14.75,2839,2790.8359153575984
488,14.77,2644,2793.193676885709
489,14.79,2647,2795.5403037818783
490,14.81,2784,2797.8757489085356
491,14.83,2706,2800.199965512894
492,14.85,2749,2802.5129072264326
493,14.87,2754,2804.814528064355
494,14.89,2784,2807.1047824250654
495,14.91,2760,2809.383625089659
496,14.93,2755,2811.651011221345
497,14.95,2716,2813.9068963649593
498,14.97,2719,2816.151236446381
499,14.99,2767,2818.383987772033
500,15.01,2614,2820.6051070283097
501,15.03,2815,2822.8145512810406
502,15.05,2726,2825.0122779749427
503,15.07,2785,2827.1982449330753
504,15.09,2717,2829.3724103562854
505,15.11,2752,2831.5347328226344
506,15.13,2730,2833.6851712868624
507,15.15,2726,2835.82368507983
508,15.17,2733,2837.9502339079386
509,15.19,2805,2840.0647778525667
510,15.21,2837,2842.167277369529
511,15.23,2791,2844.257693288484
512,15.25,2681,2846.3359868123443
513,15.27,2883,2848.4021195167625
514,15.29,2707,2850.4560533494905
515,15.31,2810,2852.4977506298305
516,15.33,2810,2854.527174048066
517,15.35,2822,2856.544286664853
518,15.37,2793,2858.5490519106474
519,15.39,2826,2860.541433585112
520,15.41,2870,2862.521395856544
521,15.43,2765,2864.488903261247
522,15.45,2880,2866.4439207029773
523,15.47,2836,2868.386413452317
524,15.49,2801,2870.3163471460866
525,15.51,2741,2872.233687786751
526,15.53,2837,2874.138401741794
527,15.55,2767,2876.030455743136
528,15.57,2926,2877.909816886509
529,15.59,2813,2879.77645263086
530,15.61,2790,2881.6303307977328
531,15.63,2867,2883.471419570641
532,15.65,2763,2885.2996874944706
533,15.67,2808,2887.115103474861
534,15.69,2929,2888.917636777561
535,15.71,2888,2890.707257027832
536,15.73,2849,2892.4839342097994
537,15.75,2934,2894.24763866585
538,15.77,2896,2895.998341095979
539,15.79,2903,2897.7360125571736
540,15.81,2855,2899.460624462766
541,15.83,2840,2901.1721485818093
542,15.85,2887,2902.870557038426
543,15.87,2911,2904.5558223112002
544,15.89,2785,2906.227917232482
545,15.91,2867,2907.8868149877812
546,15.93,2858,2909.532489115117
547,15.95,2872,2911.164913504365
548,15.97,2867,2912.7840623965903
549,15.99,2792,2914.3899103834237
550,16.01,2944,2915.982432406387
551,16.03,2908,2917.5616037562404
552,16.05,2935,2919.1274000723233
553,16.07,2864,2920.679797341892
554,16.09,2890,2922.2187718994705
555,16.11,2862,2923.7443004261577
556,16.13,2871,2925.256359948989
557,16.15,2808,2926.754927840253
558,16.17,2968,2928.239981816805
559,16.19,3038,2929.711499939437
560,16.21,2844,2931.169460612158
561,16.23,2937,2932.613842581539
562,16.25,3018,2934.0446249360366
563,16.27,2938,2935.461787105305
564,16.29,2907,2936.865308859506
565,16.31,2955,2938.255170308632
566,16.33,2937,2939.6313519018317
567,16.35,2979,2940.9938344266925
568,16.37,2932,2942.3425990085752
569,16.39,2937,2943.677627109916
570,16.41,2984,2944.9989005295215
571,16.43,2938,2946.306401401875
572,16.45,2977,2947.600112196456
573,16.47,2937,2948.880015717015
574,16.49,2845,2950.146095100886
575,16.51,3006,2951.398333818282
576,16.53,2891,2952.6367156715887
577,16.55,2902,2953.861224794632
578,16.57,2910,2955.0718456520317
579,16.59,2928,2956.268563038418
580,16.61,3045,2957.4513620777534
581,16.63,2998,2958.62022822263
582,16.65,3011,2959.7751472535233
583,16.67,2928,2960.9161052780887
584,16.69,2859,2962.0430887304524
585,16.71,2979,2963.156084370453
586,16.73,2953,2964.255079282964
587,16.75,2977,2965.340060877128
588,16.77,2930,2966.411016885652
589,16.79,2903,2967.4679353640795
590,16.81,2973,2968.5108046900446
591,16.83,3058,2969.539613562542
592,16.85,3020,2970.554351001206
593,16.87,3000,2971.555006345555
594,16.89,2994,2972.541569254272
595,16.91,3021,2973.514029704456
596,16.93,3022,2974.472377990874
597,16.95,3033,2975.4166047252234
598,16.97,3019,2976.3467008354023
599,16.99,2980,2977.2626575647237
600,17.01,3054,2978.164466471229
601,17.03,3031,2979.052119426854
602,17.05,3047,2979.9256086167584
603,17.07,3056,2980.784926538537
604,17.09,2999,2981.630066001449
605,17.11,2923,2982.461020125683
606,17.13,3034,2983.277782341606
607,17.15,3049,2984.0803463889856
608,17.17,3010,2984.868706316219
609,17.19,3099,2985.6428564796024
610,17.21,3147,2986.402791542554
611,17.23,2937,2987.148506474811
612,17.25,3051,2987.879996551735
613,17.27,3002,2988.5972573534737
614,17.29,3044,2989.300284764217
615,17.31,3043,2989.989074971434
616,17.33,3115,2990.6636244650786
617,17.35,3026,2991.3239300368305
618,17.37,3012,2991.9699887793086
619,17.39,3061,2992.601798085291
620,17.41,3088,2993.2193556469438
621,17.43,3080,2993.822659455016
622,17.45,3107,2994.411707798101
623,17.47,2954,2994.9864992617913
624,17.49,3092,2995.547032727945
625,17.51,3056,2996.0933073738765
626,17.53,2996,2996.6253226715485
627,17.55,3017,2997.1430783868054
628,17.57,3027,2997.646574578589
629,17.59,3027,2998.1358115981207
630,17.61,3011,2998.610790088099
631,17.63,3098,2999.0715109819416
632,17.65,2997,2999.517975502953
633,17.67,3090,2999.950185163533
634,17.69,3056,3000.3681417643807
635,17.71,3026,3000.7718473936893
636,17.73,3059,3001.16130442634
637,17.75,3094,3001.5365155230897
638,17.77,3044,3001.8974836297944
639,17.79,3013,3002.2442119765437
640,17.81,2973,3002.5767040769183
641,17.83,3088,3002.8949637271244
642,17.85,3038,3003.198995005211
643,17.87,2936,3003.488802270251
644,17.89,2958,3003.7643901615006
645,17.91,2949,3004.025763597641
646,17.93,3040,3004.272927775879
647,17.95,3026,3004.5058881712202
648,17.97,2997,3004.7246505355674
649,17.99,3092,3004.9292208969355
650,18.01,3090,3005.1196055586265
651,18.03,3117,3005.295811098423
652,18.05,3058,3005.457844367701
653,18.07,3230,3005.605712490672
654,18.09,3055,3005.739422863524
655,18.11,3027,3005.8589831535824
656,18.13,3031,3005.964401298489
657,18.15,3109,3006.0556855053865
658,18.17,3060,3006.132844250051
659,18.19,2968,3006.195886276088
660,18.21,3159,3006.2448205940677
661,18.23,3130,3006.279656480714
662,18.25,3113,3006.300403478053
663,18.27,3076,3006.3070713925704
664,18.29,3147,3006.299670294378
665,18.31,3093,3006.2782105163697
666,18.33,3073,3006.242702653372
667,18.35,3130,3006.193157561292
668,18.37,3117,3006.1295863563173
669,18.39,3023,3006.0520004140044
670,18.41,3059,3005.9604113684627
671,18.43,2994,3005.854831111518
672,18.45,3114,3005.735271791838
673,18.47,3099,3005.601745814093
674,18.49,3070,3005.454265838091
675,18.51,3166,3005.2928447779423
676,18.53,3109,3005.1174958011834
677,18.55,3148,3004.928232327947
678,18.57,3142,3004.725068030073
679,18.59,3148,3004.5080168302807
680,18.61,3152,3004.27709290128
681,18.63,3081,3004.0323106649366
682,18.65,3087,3003.7736847913925
683,18.67,3065,3003.501230198226
684,18.69,3054,3003.214962049547
685,18.71,3003,3002.9148957551656
686,18.73,2991,3002.601046969714
687,18.75,3120,3002.273431591804
688,18.77,3028,3001.9320657631156
689,18.79,3112,3001.5769658675385
690,18.81,3129,3001.2081485303493
691,18.83,3148,3000.825630617271
692,18.85,3008,3000.4294292336504
693,18.87,3025,3000.019561723558
694,18.89,3076,2999.5960456689286
695,18.91,3034,2999.1588988886933
696,18.93,3089,2998.708139437868
697,18.95,3047,2998.2437856067136
698,18.97,3126,2997.765855919845
699,18.99,3108,2997.274369135338
700,19.01,3066,2996.7693442438845
701,19.03,3119,2996.2508004678543
702,19.05,3221,2995.7187572604844
703,19.07,3047,2995.173234304947
704,19.09,3088,2994.6142515134566
705,19.11,3064,2994.041829026443
706,19.13,3034,2993.455987211598
707,19.15,2994,2992.856746663039
708,19.17,3000,2992.2441282004056
709,19.19,3097,2991.6181528679476
710,19.21,3115,2990.9788419336587
711,19.23,3049,2990.3262168884276
712,19.25,3222,2989.6602994450463
713,19.27,3130,2988.981111537405
714,19.29,3126,2988.2886753195758
715,19.31,3097,2987.583013164893
716,19.33,3123,2986.8641476651046
717,19.35,3126,2986.1321016294264
718,19.37,3018,2985.3868980836824
719,19.39,3173,2984.6285602694015
720,19.41,3176,2983.8571116429152
721,19.43,3137,2983.0725758744557
722,19.45,3188,2982.274976847263
723,19.47,3109,2981.4643386566795
724,19.49,3136,2980.6406856092494
725,19.51,3103,2979.8040422218387
726,19.53,2984,2978.9544332206847
727,19.55,3093,2978.091883540544
728,19.57,3058,2977.2164183237614
729,19.59,3018,2976.3280629193764
730,19.61,3179,2975.4268428822033
731,19.63,3022,2974.5127839719344
732,19.65,3170,2973.585912152239
733,19.67,3107,2972.6462535898527
734,19.69,3238,2971.69383465366
735,19.71,3133,2970.7286819138058
736,19.73,3160,2969.750822140744
737,19.75,3246,2968.7602823043935
738,19.77,3177,2967.7570895731455
739,19.79,3134,2966.741271313062
740,19.81,3102,2965.712855086805
741,19.83,3105,2964.671868652912
742,19.85,3061,2963.618339964719
743,19.87,3097,2962.5522971695427
744,19.89,3228,2961.47376860773
745,19.91,3023,2960.3827828117596
746,19.93,3091,2959.2793685053116
747,19.95,3186,2958.163554602338
748,19.97,3185,2957.0353702061857
749,19.99,3051,2955.894844608651
750,20.01,3137,2954.7420072890554
751,20.03,3207,2953.5768879133466
752,20.05,3087,2952.3995163331665
753,20.07,3140,2951.209922584942
754,20.09,3134,2950.0081368889414
755,20.11,3119,2948.7941896483794
756,20.13,3058,2947.5681114484887
757,20.15,3007,2946.3299330555697
758,20.17,3082,2945.0796854161226
759,20.19,3100,2943.8173996558685
760,20.21,3100,2942.5431070788663
761,20.23,3085,2941.256839166556
762,20.25,3091,2939.9586275768515
763,20.27,3152,2938.6485041432393
764,20.29,3142,2937.3265008737935
765,20.31,3159,2935.992649950291
766,20.33,3130,2934.6469837272834
767,20.35,3067,2933.2895347311655
768,20.37,3138,2931.9203356592325
769,20.39,3100,2930.539419378774
770,20.41,3105,2929.146818926123
771,20.43,2983,2927.742567505753
772,20.45,3196,2926.3266984893394
773,20.47,3109,2924.8992454147988
774,20.49,3119,2923.460241985408
775,20.51,3124,2922.0097220688444
776,20.53,3041,2920.5477196962584
777,20.55,3049,2919.0742690613392
778,20.57,3116,2917.5894045193986
779,20.59,3113,2916.0931605864303
780,20.61,3067,2914.585571938156
781,20.63,3077,2913.0666734091355
782,20.65,3214,2911.536499991789
783,20.67,3103,2909.995086835491
784,20.69,3014,2908.4424692456437
785,20.71,3080,2906.8786826826995
786,20.73,3090,2905.303762761269
787,20.75,3145,2903.717745249203
788,20.77,3172,2902.1206660665666
789,20.79,3033,2900.5125612848065
790,20.81,3114,2898.8934671257707
791,20.83,3106,2897.2634199607305
792,20.85,3005,2895.6224563095384
793,20.87,3187,2893.9706128396224
794,20.89,3016,2892.307926365076
795,20.91,3034,2890.6344338456643
796,20.93,3111,2888.950172386009
797,20.95,3071,2887.255179234518
798,20.97,2993,2885.549491782531
799,20.99,3058,2883.83314756334
800,21.01,3043,2882.1061842512768
801,21.03,3091,2880.36863966078
802,21.05,3062,2878.620551745399
803,21.07,3181,2876.861958596947
804,21.09,3077,2875.0928984444454
805,21.11,3116,2873.313409653317
806,21.13,3123,2871.523530724357
807,21.15,3083,2869.7233002927824
808,21.17,3158,2867.9127571273707
809,21.19,3085,2866.091940129459
810,21.21,3084,2864.2608883320113
811,21.23,3028,2862.4196408986913
812,21.25,3081,2860.5682371229154
813,21.27,3029,2858.706716426913
814,21.29,3050,2856.835118360809
815,21.31,2974,2854.953482601618
816,21.33,2980,2853.0618489523777
817,21.35,3109,2851.160257341165
818,21.37,3122,2849.24874782018
819,21.39,3126,2847.3273605647514
820,21.41,3125,2845.3961358725005
821,21.43,2978,2843.455114162254
822,21.45,2945,2841.5043359732513
823,21.47,2943,2839.5438419640905
824,21.49,3136,2837.5736729118507
825,21.51,3056,2835.5938697111455
826,21.53,3060,2833.6044733731324
827,21.55,3042,2831.605525024624
828,21.57,2992,2829.5970659071218
829,21.59,3025,2827.579137375887
830,21.61,3012,2825.551780898995
831,21.63,3009,2823.51503805638
832,21.65,2964,2821.4689505389156
833,21.67,2976,2819.413560147464
834,21.69,2903,2817.3489087919097
835,21.71,2974,2815.275038490269
836,21.73,3127,2813.1919913677157
837,21.75,3024,2811.0998096556395
838,21.77,2965,2808.9985356907086
839,21.79,3051,2806.888211913933
840,21.81,2940,2804.7688808697144
841,21.83,2922,2802.640585204933
842,21.85,2980,2800.503367667954
843,21.87,2960,2798.3572711077463
844,21.89,2986,2796.2023384728864
845,21.91,3033,2794.038612810656
846,21.93,2940,2791.866137266099
847,21.95,2968,2789.68495508107
848,21.97,3000,2787.4951095932643
849,21.99,2965,2785.2966442353572
850,22.01,2981,2783.0896025339725
851,22.03,2923,2780.8740281088158
852,22.05,2851,2778.649964671703
853,22.07,2943,2776.417456025588
854,22.09,2875,2774.1765460637175
855,22.11,2924,2771.9272787685672
856,22.13,2988,2769.669698211037
857,22.15,2896,2767.4038485493743
858,22.17,2934,2765.1297740283376
859,22.19,2972,2762.8475189782357
860,22.21,2894,2760.5571278139787
861,22.23,2909,2758.2586450341037
862,22.25,2963,2755.952115219895
863,22.27,2949,2753.6375830344564
864,22.29,2838,2751.315093221685
865,22.31,2943,2748.9846906054404
866,22.33,2865,2746.6464200885393
867,22.35,2891,2744.300326651831
868,22.37,2928,2741.946455353296
869,22.39,2851,2739.584851327045
870,22.41,2866,2737.2155597824676
871,22.43,2862,2734.838626003215
872,22.45,2774,2732.4540953463247
873,22.47,2885,2730.0620132412487
874,22.49,2831,2727.662425188936
875,22.51,2815,2725.255376760921
876,22.53,2745,2722.840913598331
877,22.55,2885,2720.419081410993
878,22.57,2772,2717.9899259765066
879,22.59,2803,2715.5534931392885
880,22.61,2751,2713.1098288096787
881,22.63,2806,2710.6589789629534
882,22.65,2728,2708.200989638419
883,22.67,2809,2705.7359069384975
884,22.69,2817,2703.2637770277847
885,22.71,2769,2700.784646132114
886,22.73,2785,2698.298560537625
887,22.75,2836,2695.805566589823
888,22.77,2810,2693.3057106927026
889,22.79,2751,2690.799039307782
890,22.81,2776,2688.285598953109
891,22.83,2772,2685.765436202498
892,22.85,2786,2683.2385976844207
893,22.87,2679,2680.7051300812095
894,22.89,2825,2678.1650801280884
895,22.91,2749,2675.618494612206
896,22.93,2625,2673.065420371781
897,22.95,2698,2670.505904295137
898,22.97,2673,2667.939993319788
899,22.99,2762,2665.3677344314688
900,23.01,2699,2662.78917466336
901,23.03,2718,2660.20436109493
902,23.05,2614,2657.613340851248
903,23.07,2643,2655.0161611018952
904,23.09,2709,2652.412869060139
905,23.11,2729,2649.8035119819438
906,23.13,2649,2647.1881371651466
907,23.15,2633,2644.5667919483985
908,23.17,2750,2641.9395237103995
909,23.19,2628,2639.306379868855
910,23.21,2645,2636.6674078796245
911,23.23,2712,2634.0226552358017
912,23.25,2656,2631.3721694667615
913,23.27,2673,2628.7159981372592
914,23.29,2706,2626.0541888465764
915,23.31,2585,2623.3867892274893
916,23.33,2572,2620.713846945456
917,23.35,2537,2618.03540969766
918,23.37,2587,2615.3515252120865
919,23.39,2635,2612.6622412466522
920,23.41,2669,2609.9676055882387
921,23.43,2604,2607.267666051835
922,23.45,2609,2604.562470479591
923,23.47,2510,2601.852066739919
924,23.49,2492,2599.136502726603
925,23.51,2553,2596.41582635786
926,23.53,2588,2593.690085575442
927,23.55,2545,2590.9593283437566
928,23.57,2560,2588.2236026489195
929,23.59,2551,2585.4829564978613
930,23.61,2551,2582.7374379174516
931,23.63,2605,2579.987094953563
932,23.65,2453,2577.2319756701822
933,23.67,2455,2574.4721281485013
934,23.69,2421,2571.707600486023
935,23.71,2533,2568.938440795642
936,23.73,2585,2566.164697204801
937,23.75,2519,2563.386417854487
938,23.77,2553,2560.6036508984553
939,23.79,2435,2557.8164445022458
940,23.81,2602,2555.0248468423215
941,23.83,2566,2552.2289061051374
942,23.85,2435,2549.42867048632
943,23.87,2538,2546.624188189699
944,23.89,2498,2543.815507426449
945,23.91,2494,2541.002676414145
946,23.93,2482,2538.1857433759883
947,23.95,2443,2535.3647565398037
948,23.97,2408,2532.5397641371665
949,23.99,2432,2529.7108144025915
950,24.01,2448,2526.8779555725387
951,24.03,2451,2524.0412358845774
952,24.05,2469,2521.2007035765205
953,24.07,2483,2518.35640688553
954,24.09,2501,2515.5083940471422
955,24.11,2490,2512.6567132945497
956,24.13,2494,2509.8014128575746
957,24.15,2487,2506.942540961866
958,24.17,2399,2504.0801458279857
959,24.19,2398,2501.214275670539
960,24.21,2362,2498.344978697277
961,24.23,2418,2495.4723031082717
962,24.25,2429,2492.596297094954
963,24.27,2376,2489.7170088393286
964,24.29,2428,2486.834486513042
965,24.31,2406,2483.9487782764973
966,24.33,2362,2481.059932278035
967,24.35,2443,2478.16799665306
968,24.37,2407,2475.2730195230756
969,24.39,2462,2472.3750489948993
970,24.41,2353,2469.474133159829
971,24.43,2383,2466.570320092646
972,24.45,2356,2463.663657850891
973,24.47,2319,2460.7541944738805
974,24.49,2320,2457.8419779819
975,24.51,2346,2454.927056375361
976,24.53,2281,2452.0094776338656
977,24.55,2322,2449.0892897154195
978,24.57,2249,2446.1665405555464
979,24.59,2256,2443.2412780663985
980,24.61,2368,2440.3135501359143
981,24.63,2313,2437.383404627008
982,24.65,2348,2434.450889376653
983,24.67,2263,2431.5160521950443
984,24.69,2231,2428.578940864748
985,24.71,2195,2425.6396031398763
986,24.73,2314,2422.6980867451603
987,24.75,2241,2419.754439375178
988,24.77,2310,2416.8087086934893
989,24.79,2188,2413.8609423317484
990,24.81,2155,2410.911187888902
991,24.83,2233,2407.9594929302966
992,24.85,2202,2405.005904986881
993,24.87,2164,2402.0504715543316
994,24.89,2272,2399.0932400922748
995,24.91,2241,2396.1342580232895
996,24.93,2245,2393.173572732254
997,24.95,2254,2390.2112315654044
998,24.97,2211,2387.2472818295
999,24.99,2190,2384.2817707910363
1000,25.01,2267,2381.3147456753545
1001,25.03,2168,2378.3462536658208
1002,25.05,2272,2375.3763419030297
1003,25.07,2228,2372.4050574839616
1004,25.09,2189,2369.4324474610926
1005,25.11,2208,2366.4585588416594
1006,25.13,2139,2363.4834385867416
1007,25.15,2182,2360.5071336105116
1008,25.17,2186,2357.5296907793886
1009,25.19,2115,2354.5511569112
1010,25.21,2132,2351.5715787743206
1011,25.23,2150,2348.5910030869777
1012,25.25,2164,2345.6094765162607
1013,25.27,2096,2342.6270456774773
1014,25.29,2225,2339.6437571331912
1015,25.31,2215,2336.6596573925076
1016,25.33,2082,2333.674792910177
1017,25.35,2178,2330.6892100858854
1018,25.37,2209,2327.702955263343
1019,25.39,2103,2324.7160747295366
1020,25.41,2230,2321.7286147138752
1021,25.43,2167,2318.7406213874365
1022,25.45,2174,2315.7521408621146
1023,25.47,2154,2312.763219189837
1024,25.49,2078,2309.7739023617905
1025,25.51,2198,2306.784236307527
1026,25.53,2119,2303.79426689431
1027,25.55,2107,2300.8040399261135
1028,25.57,2099,2297.8136011430806
1029,25.59,2000,2294.8229962205146
1030,25.61,2156,2291.8322707681577
1031,25.63,2130,2288.8414703294293
1032,25.65,2123,2285.850640380597
1033,25.67,2087,2282.859826330002
1034,25.69,2119,2279.869073517274
1035,25.71,2077,2276.8784272125195
1036,25.73,2042,2273.8879326155648
1037,25.75,2078,2270.8976348551946
1038,25.77,2111,2267.907578988295
1039,25.79,2116,2264.91780999912
1040,25.81,2056,2261.9283727985485
1041,25.83,2028,2258.939312223251
1042,25.85,2102,2255.950673034904
1043,25.87,2052,2252.9624999194766
1044,25.89,2097,2249.9748374864225
1045,25.91,2100,2246.987730267905
1046,25.93,2103,2244.0012227180273
1047,25.95,2078,2241.0153592120573
1048,25.97,2012,2238.030184045712
1049,25.99,1961,2235.0457414343473
1050,26.01,1967,2232.0620755121754
1051,26.03,1951,2229.079230331578
1052,26.05,2082,2226.0972498622446
1053,26.07,2035,2223.1161779905433
1054,26.09,2045,2220.1360585186158
1055,26.11,2076,2217.156935163736
1056,26.13,2010,2214.178851557512
1057,26.15,1972,2211.201851245151
1058,26.17,2093,2208.2259776846886
1059,26.19,2043,2205.2512742462714
1060,26.21,2014,2202.277784211383
1061,26.23,2054,2199.3055507720783
1062,26.25,2058,2196.3346170302993
1063,26.27,2007,2193.3650259971005
1064,26.29,2023,2190.3968205919336
1065,26.31,1996,2187.4300436418534
1066,26.33,2065,2184.4647378808495
1067,26.35,2051,2181.5009459490034
1068,26.37,2016,2178.5387103919456
1069,26.39,2020,2175.578073659966
1070,26.41,2034,2172.6190781072987
1071,26.43,2043,2169.6617659914355
1072,26.45,2113,2166.70617947245
1073,26.47,2067,2163.7523606121126
1074,26.49,2068,2160.800351373362
1075,26.51,2170,2157.8501936194684
1076,26.53,2063,2154.901929113309
1077,26.55,2113,2151.9555995167093
1078,26.57,2016,2149.011246389708
1079,26.59,2080,2146.0689111898228
1080,26.61,1940,2143.1286352713582
1081,26.63,2014,2140.190459884696
1082,26.65,2045,2137.254426175589
1083,26.67,2090,2134.3205751844075
1084,26.69,2036,2131.388947845575
1085,26.71,1984,2128.4595849866528
1086,26.73,2022,2125.5325273278754
1087,26.75,1948,2122.6078154812144
1088,26.77,1998,2119.6854899498753
1089,26.79,1923,2116.765591127565
1090,26.81,2026,2113.848159297655
1091,26.83,1961,2110.9332346327164
1092,26.85,2009,2108.0208571936164
1093,26.87,2009,2105.111066928986
1094,26.89,1903,2102.2039036745196
1095,26.91,1905,2099.2994071521753
1096,26.93,1933,2096.397616969573
1097,26.95,1938,2093.498572619385
1098,26.97,1834,2090.602313478523
1099,26.99,1907,2087.70887880757
1100,27.01,1837,2084.818307750047
1101,27.03,1923,2081.9306393317947
1102,27.05,1829,2079.0459124601775
1103,27.07,1870,2076.1641659236266
1104,27.09,1869,2073.2854383908198
1105,27.11,1916,2070.4097684100198
1106,27.13,1865,2067.5371944084964
1107,27.15,1896,2064.6677546918
1108,27.17,1944,2061.8014874431165
1109,27.19,1844,2058.938430722702
1110,27.21,1863,2056.0786224670255
1111,27.23,1882,2053.222100488373
1112,27.25,1806,2050.368902473975
1113,27.27,1883,2047.519065985517
1114,27.29,1900,2044.6726284583747
1115,27.31,1907,2041.829627201112
1116,27.33,1860,2038.9900993947194
1117,27.35,1807,2036.1540820919636
1118,27.37,1829,2033.3216122169188
1119,27.39,1877,2030.4927265641372
1120,27.41,1840,2027.6674617981025
1121,27.43,1895,2024.8458544526102
1122,27.45,1862,2022.0279409301684
1123,27.47,1874,2019.2137575012648
1124,27.49,1821,2016.4033403038566
1125,27.51,1817,2013.5967253426834
1126,27.53,1838,2010.7939484886738
1127,27.55,1971,2007.9950454783148
1128,27.57,1873,2005.2000519130743
1129,27.59,1855,2002.4090032587246
1130,27.61,1787,1999.621934844803
1131,27.63,1835,1996.8388818639187
1132,27.65,1826,1994.0598793712597
1133,27.67,1840,1991.2849622838894
1134,27.69,1794,1988.5141653802057
1135,27.71,1814,1985.7475232993065
1136,27.73,1804,1982.985070540397
1137,27.75,1752,1980.2268414622413
1138,27.77,1762,1977.472870282505
1139,27.79,1806,1974.7231910771898
1140,27.81,1855,1971.9778377800922
1141,27.83,1815,1969.236844182139
1142,27.85,1818,1966.5002439308582
1143,27.87,1781,1963.768070529757
1144,27.89,1805,1961.040357337839
1145,27.91,1793,1958.3171375688826
1146,27.93,1764,1955.5984442909548
1147,27.95,1834,1952.8843104258676
1148,27.97,1802,1950.174768748555
1149,27.99,1766,1947.4698518865234
1150,28.01,1806,1944.7695923192496
1151,28.03,1811,1942.0740223776738
1152,28.05,1819,1939.383174243655
1153,28.07,1808,1936.6970799493665
1154,28.09,1788,1934.0157713767003
1155,28.11,1800,1931.339280256827
1156,28.13,1867,1928.6676381695324
1157,28.15,1830,1926.0008765428047
1158,28.17,1782,1923.3390266521328
1159,28.19,1697,1920.6821196200735
1160,28.21,1741,1918.0301864156836
1161,28.23,1797,1915.3832578539486
1162,28.25,1731,1912.7413645953002
1163,28.27,1738,1910.1045371450264
1164,28.29,1772,1907.472805852798
1165,28.31,1752,1904.8462009120813
1166,28.33,1691,1902.2247523597243
1167,28.35,1774,1899.6084900752467
1168,28.37,1662,1896.997443780465
1169,28.39,1799,1894.3916430389909
1170,28.41,1746,1891.7911172555814
1171,28.43,1744,1889.1958956757317
1172,28.45,1820,1886.6060073851668
1173,28.47,1775,1884.0214813092352
1174,28.49,1772,1881.4423462125942
1175,28.51,1703,1878.8686306984227
1176,28.53,1758,1876.30036320818
1177,28.55,1702,1873.737572020983
1178,28.57,1782,1871.1802852531855
1179,28.59,1777,1868.6285308577408
1180,28.61,1764,1866.0823366238947
1181,28.63,1815,1863.5417301765583
1182,28.65,1724,1861.0067389758824
1183,28.67,1750,1858.4773903167934
1184,28.69,1827,1855.9537113284705
1185,28.71,1690,1853.4357289738455
1186,28.73,1729,1850.9234700492398
1187,28.75,1763,1848.4169611837624
1188,28.77,1818,1845.9162288389025
1189,28.79,1781,1843.42129930808
1190,28.81,1761,1840.9321987161466
1191,28.83,1732,1838.4489530189576
1192,28.85,1764,1835.9715880028098
1193,28.87,1702,1833.5001292841716
1194,28.89,1680,1831.0346023090815
1195,28.91,1689,1828.5750323527063
1196,28.93,1730,1826.1214445189526
1197,28.95,1743,1823.6738637400367
1198,28.97,1770,1821.232314775887
1199,28.99,1722,1818.7968222139625
1200,29.01,1772,1816.3674104685297
1201,29.03,1725,1813.9441037805127
1202,29.05,1779,1811.5269262167303
1203,29.07,1654,1809.1159016698366
1204,29.09,1652,1806.7110538575598
1205,29.11,1740,1804.3124063225487
1206,29.13,1744,1801.9199824317748
1207,29.15,1740,1799.5338053761816
1208,29.17,1655,1797.1538981702233
1209,29.19,1754,1794.7802836515339
1210,29.21,1752,1792.4129844804183
1211,29.23,1686,1790.0520231395958
1212,29.25,1721,1787.6974219335898
1213,29.27,1725,1785.3492029884537
1214,29.29,1724,1783.0073882514234
1215,29.31,1735,1780.6719994903578
1216,29.33,1675,1778.343058293527
1217,29.35,1696,1776.0205860690294
1218,29.37,1784,1773.7046040446166
1219,29.39,1833,1771.395133267135
1220,29.41,1665,1769.0921946022254
1221,29.43,1713,1766.7958087338811
1222,29.45,1696,1764.5059961642382
1223,29.47,1671,1762.2227772129854
1224,29.49,1769,1759.9461720171366
1225,29.51,1735,1757.6762005305227
1226,29.53,1717,1755.4128825237221
1227,29.55,1649,1753.1562375832873
1228,29.57,1687,1750.9062851117615
1229,29.59,1664,1748.6630443270105
1230,29.61,1710,1746.4265342622402
1231,29.63,1701,1744.1967737651594
1232,29.65,1682,1741.9737814981272
1233,29.67,1703,1739.7575759374595
1234,29.69,1731,1737.548175373261
1235,29.71,1724,1735.3455979090386
1236,29.73,1713,1733.149861461331
1237,29.75,1695,1730.9609837594899
1238,29.77,1654,1728.7789823451603
1239,29.79,1695,1726.6038745721735
1240,29.81,1711,1724.435677606084
1241,29.83,1721,1722.2744084238502
1242,29.85,1724,1720.1200838135892
1243,29.87,1712,1717.972720374275
1244,29.89,1688,1715.8323345152603
1245,29.91,1656,1713.698942456238
1246,29.93,1684,1711.5725602265939
1247,29.95,1719,1709.4532036654919
1248,29.97,1724,1707.3408884212631
1249,29.99,1704,1705.2356299512967
1250,30.01,1683,1703.137443521643
1251,30.03,1617,1701.0463442067148
1252,30.05,1676,1698.9623468891705
1253,30.07,1690,1696.8854662593776
1254,30.09,1700,1694.8157168153848
1255,30.11,1693,1692.7531128624223
1256,30.13,1663,1690.6976685127538
1257,30.15,1634,1688.64939768549
1258,30.17,1757,1686.6083141060253
1259,30.19,1687,1684.5744313060923
1260,30.21,1657,1682.5477626233896
1261,30.23,1686,1680.5283212011827
1262,30.25,1722,1678.516119988276
1263,30.27,1695,1676.5111717386144
1264,30.29,1674,1674.513489011094
1265,30.31,1605,1672.5230841693055
1266,30.33,1589,1670.5399693812587
1267,30.35,1592,1668.5641566191616
1268,30.37,1661,1666.595657659288
1269,30.39,1684,1664.6344840814618
1270,30.41,1668,1662.6806472693006
1271,30.43,1756,1660.7341584094083
1272,30.45,1628,1658.7950284916706
1273,30.47,1639,1656.8632683087417
1274,30.49,1608,1654.938888455873
1275,30.51,1703,1653.02189933078
1276,30.53,1574,1651.1123111333163
1277,30.55,1686,1649.2101338654365
1278,30.57,1558,1647.3153773307622
1279,30.59,1659,1645.4280511347024
1280,30.61,1679,1643.5481646838216
1281,30.63,1655,1641.675727186108
1282,30.65,1684,1639.8107476504338
1283,30.67,1659,1637.9532348865669
1284,30.69,1667,1636.1031975049245
1285,30.71,1733,1634.2606439162892
1286,30.73,1576,1632.425582331919
1287,30.75,1635,1630.5980207630546
1288,30.77,1643,1628.777967020901
1289,30.79,1783,1626.9654287164449
1290,30.81,1603,1625.1604132603516
1291,30.83,1644,1623.3629278627322
1292,30.85,1661,1621.5729795329025
1293,30.87,1593,1619.7905750794944
1294,30.89,1707,1618.015721110005
1295,30.91,1645,1616.2484240308067
1296,30.93,1684,1614.4886900471083
1297,30.95,1661,1612.736525162586
1298,30.97,1700,1610.9919351792896
1299,30.99,1626,1609.2549256977409
1300,31.01,1602,1607.5255021164785
1301,31.03,1664,1605.8036696322515
1302,31.05,1604,1604.0894332396374
1303,31.07,1622,1602.382797731022
1304,31.09,1600,1600.6837676965797
1305,31.11,1578,1598.9923475239611
1306,31.13,1616,1597.3085413983554
1307,31.15,1590,1595.632353302295
1308,31.17,1617,1593.9637870156912
1309,31.19,1629,1592.302846115469
1310,31.21,1688,1590.649533975702
1311,31.23,1700,1589.0038537675855
1312,31.25,1642,1587.365808458976
1313,31.27,1536,1585.7354008147313
1314,31.29,1660,1584.1126333964248
1315,31.31,1634,1582.4975085622063
1316,31.33,1652,1580.8900284670335
1317,31.35,1694,1579.2901950620035
1318,31.37,1597,1577.6980100951741
1319,31.39,1615,1576.11347511056
1320,31.41,1671,1574.5365914488057
1321,31.43,1653,1572.9673602466464
1322,31.45,1641,1571.4057824371766
1323,31.47,1688,1569.8518587496492
1324,31.49,1673,1568.3055897094064
1325,31.51,1664,1566.7669756380183
1326,31.53,1585,1565.2360166529497
1327,31.55,1555,1563.7127126678606
1328,31.57,1557,1562.1970633922992
1329,31.59,1559,1560.6890683319216
1330,31.61,1518,1559.1887267881502
1331,31.63,1616,1557.6960378585254
1332,31.65,1697,1556.2110004363958
1333,31.67,1617,1554.733613211176
1334,31.69,1605,1553.2638746679613
1335,31.71,1621,1551.801783087959
1336,31.73,1606,1550.3473365481868
1337,31.75,1660,1548.9005329216116
1338,31.77,1559,1547.4613698770117
1339,31.79,1641,1546.02984487923
1340,31.81,1599,1544.6059551889703
1341,31.83,1598,1543.1896978629366
1342,31.85,1618,1541.7810697538134
1343,31.87,1604,1540.3800675102766
1344,31.89,1613,1538.986687577083
1345,31.91,1532,1537.6009261950012
1346,31.93,1617,1536.222779400966
1347,31.95,1638,1534.852243028081
1348,31.97,1585,1533.4893127056348
1349,31.99,1659,1532.1339838591393
1350,32.01,1668,1530.7862517103804
1351,32.03,1519,1529.4461112776607
1352,32.05,1585,1528.1135573755246
1353,32.07,1619,1526.7885846151385
1354,32.09,1573,1525.4711874041304
1355,32.11,1596,1524.1613599468155
1356,32.13,1569,1522.8590962441494
1357,32.15,1631,1521.5643900939913
1358,32.17,1549,1520.2772350909172
1359,32.19,1583,1518.9976246265633
1360,32.21,1582,1517.7255518896418
1361,32.23,1622,1516.4610098658604
1362,32.25,1659,1515.2039913383342
1363,32.27,1545,1513.9544888874034
1364,32.29,1544,1512.7124948909614
1365,32.31,1551,1511.4780015243841
1366,32.33,1607,1510.2510007607698
1367,32.35,1570,1509.0314843710194
1368,32.37,1599,1507.8194439239542
1369,32.39,1572,1506.6148707864486
1370,32.41,1623,1505.4177561235165
1371,32.43,1526,1504.2280908985076
1372,32.45,1543,1503.045865873345
1373,32.47,1604,1501.8710716083342
1374,32.49,1553,1500.7036984626793
1375,32.51,1559,1499.5437365945027
1376,32.53,1583,1498.3911759608236
1377,32.55,1613,1497.2460063180124
1378,32.57,1620,1496.1082172217766
1379,32.59,1573,1494.9777980273557
1380,32.61,1601,1493.8547378897174
1381,32.63,1581,1492.7390257636416
1382,32.65,1515,1491.6306504040658
1383,32.67,1581,1490.5296003662497
1384,32.69,1650,1489.435864005599
1385,32.71,1585,1488.3494294784887
1386,32.73,1584,1487.2702847418705
1387,32.75,1539,1486.1984175539274
1388,32.77,1516,1485.1338154738278
1389,32.79,1598,1484.076465862424
1390,32.81,1558,1483.0263558820616
1391,32.83,1554,1481.9834724969369
1392,32.85,1566,1480.9478024734444
1393,32.87,1599,1479.91933238022
1394,32.89,1613,1478.898048588403
1395,32.91,1591,1477.8839372719776
1396,32.93,1597,1476.8769844078515
1397,32.95,1585,1475.8771757762797
1398,32.97,1572,1474.8844969609527
1399,32.99,1573,1473.898933349219
1400,33.01,1582,1472.9204701325762
1401,33.03,1653,1471.9490923067333
1402,33.05,1570,1470.9847846717885
1403,33.07,1520,1470.0275318328004
1404,33.09,1692,1469.0773181997774
1405,33.11,1525,1468.1341279879825
1406,33.13,1514,1467.1979452185533
1407,33.15,1608,1466.268753718131
1408,33.17,1579,1465.3465371198845
1409,33.19,1529,1464.4312788631642
1410,33.21,1517,1463.5229621943672
1411,33.23,1506,1462.6215701666342
1412,33.25,1606,1461.7270856407204
1413,33.27,1599,1460.839491284979
1414,33.29,1529,1459.9587695756873
1415,33.31,1604,1459.0849027975273
1416,33.33,1627,1458.2178730437581
1417,33.35,1550,1457.3576622165538
1418,33.37,1600,1456.5042520274374
1419,33.39,1601,1455.6576239975002
1420,33.41,1517,1454.8177594577837
1421,33.43,1665,1453.984639549708
1422,33.45,1581,1453.1582452252196
1423,33.47,1619,1452.3385572473398
1424,33.49,1571,1451.5255561904141
1425,33.51,1565,1450.7192224405117
1426,33.53,1586,1449.91953619578
1427,33.55,1570,1449.1264774667961
1428,33.57,1542,1448.340026076944
1429,33.59,1605,1447.5601616629656
1430,33.61,1565,1446.7868636749072
1431,33.63,1630,1446.0201113770026
1432,33.65,1610,1445.2598838477043
1433,33.67,1569,1444.5061599804103
1434,33.69,1578,1443.7589184834342
1435,33.71,1558,1443.0181378808202
1436,33.73,1464,1442.2837965124909
1437,33.75,1555,1441.5558725348392
1438,33.77,1591,1440.8343439209075
1439,33.79,1602,1440.1191884612208
1440,33.81,1563,1439.4103837636394
1441,33.83,1560,1438.7079072543129
1442,33.85,1536,1438.0117361779294
1443,33.87,1568,1437.321847597941
1444,33.89,1616,1436.6382183973828
1445,33.91,1565,1435.9608252790322
1446,33.93,1510,1435.2896447660587
1447,33.95,1582,1434.6246532023433
1448,33.97,1550,1433.9658267529785
1449,33.99,1516,1433.3131414048275
1450,34.01,1524,1432.6665729668703
1451,34.03,1499,1432.0260970706277
1452,34.05,1551,1431.391689170966
1453,34.07,1606,1430.7633245461475
1454,34.09,1515,1430.1409782987685
1455,34.11,1522,1429.5246253556988
1456,34.13,1589,1428.9142404692348
1457,34.15,1543,1428.3097982170239
1458,34.17,1588,1427.7112730029912
1459,34.19,1560,1427.1186390576295
1460,34.21,1531,1426.531870438459
1461,34.23,1538,1425.9509410308647
1462,34.25,1528,1425.375824548225
1463,34.27,1580,1424.8064945327696
1464,34.29,1584,1424.242924355991
1465,34.31,1577,1423.6850872190162
1466,34.33,1545,1423.1329561536122
1467,34.35,1553,1422.5865040220306
1468,34.37,1561,1422.0457035184709
1469,34.39,1549,1421.5105271686753
1470,34.41,1506,1420.980947331198
1471,34.43,1588,1420.4569361978693
1472,34.45,1557,1419.9384657939117
1473,34.47,1592,1419.4255079790591
1474,34.49,1531,1418.9180344478318
1475,34.51,1572,1418.4160167303826
1476,34.53,1567,1417.919426192654
1477,34.55,1553,1417.428234037623
1478,34.57,1562,1416.9424113051064
1479,34.59,1601,1416.4619288731637
1480,34.61,1558,1415.9867574579757
1481,34.63,1576,1415.5168676152716
1482,34.65,1524,1415.0522297399539
1483,34.67,1612,1414.5928140678134
1484,34.69,1633,1414.1385906753476
1485,34.71,1537,1413.6895294805154
1486,34.73,1499,1413.2456002438657
1487,34.75,1581,1412.8067725686387
1488,34.77,1585,1412.3730159017032
1489,34.79,1550,1411.944299534106
1490,34.81,1525,1411.520592601766
1491,34.83,1509,1411.1018640861585
1492,34.85,1563,1410.6880828148533
1493,34.87,1482,1410.2792174625283
1494,34.89,1510,1409.8752365511318
1495,34.91,1529,1409.4761084509682
1496,34.93,1577,1409.0818013815442
1497,34.95,1532,1408.6922834115348
1498,34.97,1505,1408.3075224601898
1499,34.99,1551,1407.9274862977136
1500,35.01,1532,1407.5521425462166
1501,35.03,1530,1407.1814586799774
1502,35.05,1578,1406.8154020266693
1503,35.07,1517,1406.4539397677636
1504,35.09,1537,1406.0970389394815
1505,35.11,1558,1405.7446664330646
1506,35.13,1521,1405.396788996265
1507,35.15,1488,1405.0533732334752
1508,35.17,1491,1404.7143856066168
1509,35.19,1477,1404.3797924361434
1510,35.21,1562,1404.0495599013539
1511,35.23,1541,1403.7236540416516
1512,35.25,1469,1403.402040756916
1513,35.27,1551,1403.0846858085088
1514,35.29,1588,1402.7715548199822
1515,35.31,1538,1402.4626132777958
1516,35.33,1457,1402.1578265322241
1517,35.35,1493,1401.8571597980208
1518,35.37,1458,1401.560578155466
1519,35.39,1488,1401.2680465507765
1520,35.41,1534,1400.9795297971305
1521,35.43,1562,1400.69499257586
1522,35.45,1520,1400.4143994363258
1523,35.47,1517,1400.13771479773
1524,35.49,1493,1399.8649029493017
1525,35.51,1562,1399.595928051549
1526,35.53,1440,1399.3307541368313
1527,35.55,1530,1399.0693451101497
1528,35.57,1536,1398.8116647501965
1529,35.59,1527,1398.5576767101957
1530,35.61,1488,1398.3073445186765
1531,35.63,1505,1398.0606315803452
1532,35.65,1515,1397.8175011770527
1533,35.67,1520,1397.5779164684827
1534,35.69,1542,1397.3418404931217
1535,35.71,1515,1397.1092361694173
1536,35.73,1529,1396.880066296082
1537,35.75,1520,1396.65429355354
1538,35.77,1486,1396.431880504565
1539,35.79,1432,1396.2127895952817
1540,35.81,1458,1395.996983155882
1541,35.83,1472,1395.784423401884
1542,35.85,1470,1395.5750724347818
1543,35.87,1507,1395.3688922429365
1544,35.89,1500,1395.1658447029058
1545,35.91,1594,1394.9658915797827
1546,35.93,1598,1394.768994528814
1547,35.95,1491,1394.575115095543
1548,35.97,1449,1394.3842147176538
1549,35.99,1517,1394.1962547252951
1550,36.01,1548,1394.011196342216
1551,36.03,1444,1393.829000686792
1552,36.05,1464,1393.6496287730415
1553,36.07,1465,1393.4730415112735
1554,36.09,1490,1393.2991997097615
1555,36.11,1527,1393.1280640749656
1556,36.13,1559,1392.959595212952
1557,36.15,1516,1392.7937536304244
1558,36.17,1563,1392.6304997355273
1559,36.19,1545,1392.4697938388272
1560,36.21,1537,1392.3115961546746
1561,36.23,1420,1392.155866801847
1562,36.25,1512,1392.0025658048926
1563,36.27,1482,1391.851653094819
1564,36.29,1477,1391.7030885104305
1565,36.31,1512,1391.5568317992747
1566,36.33,1464,1391.4128426186098
1567,36.35,1481,1391.2710805367087
1568,36.37,1461,1391.1315050333633
1569,36.39,1443,1390.9940755017824
1570,36.41,1481,1390.8587512488348
1571,36.43,1501,1390.7254914967807
1572,36.45,1442,1390.5942553839122
1573,36.47,1409,1390.4650019658702
1574,36.49,1448,1390.3376902165928
1575,36.51,1482,1390.2122790296307
1576,36.53,1502,1390.0887272190039
1577,36.55,1427,1389.9669935204402
1578,36.57,1422,1389.8470365924186
1579,36.59,1418,1389.7288150175682
1580,36.61,1475,1389.6122873033146
1581,36.63,1447,1389.4974118833861
1582,36.65,1542,1389.3841471187907
1583,36.67,1472,1389.272451299098
1584,36.69,1399,1389.1622826432795
1585,36.71,1422,1389.0535993013436
1586,36.73,1419,1388.9463593550317
1587,36.75,1470,1388.840520819227
1588,36.77,1426,1388.7360416431893
1589,36.79,1419,1388.6328797112856
1590,36.81,1369,1388.5309928450224
1591,36.83,1539,1388.4303388032104
1592,36.85,1399,1388.3308752840649
1593,36.87,1419,1388.232559925561
1594,36.89,1426,1388.1353503076289
1595,36.91,1461,1388.0392039522276
1596,36.93,1433,1387.9440783256514
1597,36.95,1460,1387.8499308388782
1598,36.97,1456,1387.7567188494504
1599,36.99,1440,1387.6643996621897
1600,37.01,1476,1387.572930530794
1601,37.03,1440,1387.4822686589096
1602,37.05,1483,1387.392371201463
1603,37.07,1449,1387.3031952658375
1604,37.09,1469,1387.2146979131248
1605,37.11,1433,1387.1268361595658
1606,37.13,1459,1387.039566977619
1607,37.15,1407,1386.9528472973889
1608,37.17,1428,1386.866634007738
1609,37.19,1448,1386.7808839576037
1610,37.21,1441,1386.6955539576193
1611,37.23,1335,1386.610600781024
1612,37.25,1398,1386.5259811648975
1613,37.27,1408,1386.4416518123107
1614,37.29,1461,1386.3575693920975
1615,37.31,1389,1386.273690541936
1616,37.33,1414,1386.1899718683462
1617,37.35,1410,1386.1063699487313
1618,37.37,1394,1386.0228413322693
1619,37.39,1425,1385.9393425418311
1620,37.41,1464,1385.85583007477
1621,37.43,1431,1385.7722604045648
1622,37.45,1367,1385.6885899820127
1623,37.47,1418,1385.6047752370368
1624,37.49,1390,1385.5207725793452
1625,37.51,1411,1385.4365384003713
1626,37.53,1422,1385.35202907461
1627,37.55,1404,1385.2672009607304
1628,37.57,1412,1385.1820104032731
1629,37.59,1420,1385.096413733716
1630,37.61,1390,1385.010367272359
1631,37.63,1392,1384.9238273293122
1632,37.65,1395,1384.8367502060491
1633,37.67,1421,1384.749092197082
1634,37.69,1470,1384.660809590957
1635,37.71,1364,1384.5718586719204
1636,37.73,1373,1384.4821957216463
1637,37.75,1418,1384.3917770199068
1638,37.77,1391,1384.3005588472752
1639,37.79,1386,1384.2084974850304
1640,37.81,1418,1384.1155492179232
1641,37.83,1411,1384.0216703351489
1642,37.85,1380,1383.9268171317162
1643,37.87,1382,1383.8309459101383
1644,37.89,1385,1383.7340129818767
1645,37.91,1419,1383.6359746687685
1646,37.93,1337,1383.536787304617
1647,37.95,1324,1383.436407236739
1648,37.97,1376,1383.3347908273172
1649,37.99,1356,1383.2318944551107
1650,38.01,1364,1383.1276745168498
1651,38.03,1373,1383.0220874288652
1652,38.05,1415,1382.9150896285946
1653,38.07,1380,1382.806637576029
1654,38.09,1426,1382.696687755426
1655,38.11,1365,1382.5851966768978
1656,38.13,1351,1382.4721208777873
1657,38.15,1390,1382.3574169243711
1658,38.17,1390,1382.241041413312
1659,38.19,1285,1382.1229509735867
1660,38.21,1392,1382.0031022673893
1661,38.23,1367,1381.8814519927419
1662,38.25,1469,1381.7579568841247
1663,38.27,1343,1381.6325737147345
1664,38.29,1389,1381.5052592974089
1665,38.31,1363,1381.3759704872864
1666,38.33,1413,1381.2446641822107
1667,38.35,1409,1381.1112973256013
1668,38.37,1425,1380.9758269070744
1669,38.39,1318,1380.8382099646624
1670,38.41,1409,1380.6984035862552
1671,38.43,1333,1380.5563649112373
1672,38.45,1317,1380.41205113237
1673,38.47,1426,1380.2654194971865
1674,38.49,1330,1380.116427309802
1675,38.51,1371,1379.9650319327502
1676,38.53,1330,1379.8111907881785
1677,38.55,1411,1379.654861360188
1678,38.57,1381,1379.4960011960802
1679,38.59,1383,1379.334567908224
1680,38.61,1357,1379.1705191757765
1681,38.63,1375,1379.0038127463959
1682,38.65,1370,1378.8344064378716
1683,38.67,1315,1378.662258139866
1684,38.69,1313,1378.4873258160223
1685,38.71,1351,1378.3095675051873
1686,38.73,1361,1378.1289413234927
1687,38.75,1311,1377.9454054657426
1688,38.77,1382,1377.7589182079455
1689,38.79,1328,1377.5694379079714
1690,38.81,1346,1377.3769230084217
1691,38.83,1338,1377.181332037787
1692,38.85,1313,1376.9826236123854
1693,38.87,1250,1376.7807564380364
1694,38.89,1375,1376.5756893120315
1695,38.91,1299,1376.3673811250865
1696,38.93,1371,1376.1557908626837
1697,38.95,1265,1375.9408776074197
1698,38.97,1339,1375.7226005404054
1699,38.99,1307,1375.5009189434004
1700,39.01,1365,1375.2757922002938
1701,39.03,1385,1375.0471797995278
1702,39.05,1361,1374.815041335396
1703,39.07,1306,1374.5793365102327
1704,39.09,1387,1374.3400251361918
1705,39.11,1254,1374.0970671368932
1706,39.13,1351,1373.8504225494917
1707,39.15,1304,1373.600051527117
1708,39.17,1317,1373.3459143395594
1709,39.19,1320,1373.0879713761205
1710,39.21,1307,1372.8261831471764
1711,39.23,1320,1372.5605102861682
1712,39.25,1266,1372.2909135516475
1713,39.27,1290,1372.0173538287963
1714,39.29,1312,1371.7397921316415
1715,39.31,1318,1371.4581896049776
1716,39.33,1228,1371.172507526625
1717,39.35,1301,1370.8827073084958
1718,39.37,1327,1370.5887504994662
1719,39.39,1365,1370.2905987868216
1720,39.41,1328,1369.9882139984456
1721,39.43,1309,1369.6815581048068
1722,39.45,1275,1369.3705932206176
1723,39.47,1284,1369.0552816072804
1724,39.49,1306,1368.7355856747554
1725,39.51,1313,1368.4114679831628
1726,39.53,1301,1368.0828912455136
1727,39.55,1308,1367.7498183289572
1728,39.57,1277,1367.4122122574163
1729,39.59,1275,1367.070036213201
1730,39.61,1325,1366.723253539314
1731,39.63,1314,1366.3718277412954
1732,39.65,1312,1366.0157224896475
1733,39.67,1272,1365.6549016212984
1734,39.69,1343,1365.2893291421406
1735,39.71,1223,1364.918969228741
1736,39.73,1253,1364.5437862308645
1737,39.75,1313,1364.1637446730947
1738,39.77,1267,1363.7788092574801
1739,39.79,1261,1363.388944864775
1740,39.81,1307,1362.994116557219
1741,39.83,1324,1362.5942895808612
1742,39.85,1321,1362.1894293667747
1743,39.87,1293,1361.779501533978
1744,39.89,1242,1361.3644718910627
1745,39.91,1262,1360.9443064388843
1746,39.93,1298,1360.5189713719592
1747,39.95,1303,1360.0884330814024
1748,39.97,1292,1359.6526581563685
1749,39.99,1301,1359.211613386773
1750,40.01,1289,1358.7652657649742
1751,40.03,1319,1358.313582488875
1752,40.05,1287,1357.8565309623345
1753,40.07,1298,1357.3940787995407
1754,40.09,1229,1356.9261938253494
1755,40.11,1305,1356.4528440788163
1756,40.13,1247,1355.9739978145826
1757,40.15,1192,1355.4896235053657
1758,40.17,1300,1354.9996898442878
1759,40.19,1273,1354.5041657469046
1760,40.21,1277,1354.0030203536307
1761,40.23,1269,1353.4962230316924
1762,40.25,1201,1352.9837433779594
1763,40.27,1244,1352.4655512204872
1764,40.29,1292,1351.9416166211904
1765,40.31,1308,1351.4119098780902
1766,40.33,1223,1350.8764015276283
1767,40.35,1257,1350.3350623466931
1768,40.37,1264,1349.7878633552073
1769,40.39,1296,1349.234775818175
1770,40.41,1238,1348.6757712483704
1771,40.43,1248,1348.1108214080432
1772,40.45,1244,1347.5398983118694
1773,40.47,1254,1346.962974228838
1774,40.49,1305,1346.3800216851532
1775,40.51,1233,1345.7910134654849
1776,40.53,1236,1345.1959226166282
1777,40.55,1223,1344.594722448668
1778,40.57,1332,1343.9873865385434
1779,40.59,1233,1343.3738887310901
1780,40.61,1249,1342.754203142801
1781,40.63,1250,1342.1283041630186
1782,40.65,1283,1341.4961664569255
1783,40.67,1173,1340.8577649678318
1784,40.69,1223,1340.2130749197277
1785,40.71,1234,1339.5620718194095
1786,40.73,1212,1338.904731458866
1787,40.75,1252,1338.241029918313
1788,40.77,1262,1337.5709435677945
1789,40.79,1191,1336.8944490701388
1790,40.81,1254,1336.2115233831864
1791,40.83,1197,1335.5221437625496
1792,40.85,1266,1334.8262877635534
1793,40.87,1230,1334.1239332443283
1794,40.89,1190,1333.4150583675191
1795,40.91,1227,1332.6996416038337
1796,40.93,1191,1331.9776617330954
1797,40.95,1200,1331.2490978484211
1798,40.97,1262,1330.5139293568855
1799,40.99,1214,1329.7721359841798
1800,41.01,1247,1329.0236977744935
1801,41.03,1181,1328.2685950959212
1802,41.05,1170,1327.5068086402043
1803,41.07,1269,1326.73831942794
1804,41.09,1218,1325.9631088087663
1805,41.11,1299,1325.1811584654379
1806,41.13,1275,1324.3924504158513
1807,41.15,1243,1323.5969670155137
1808,41.17,1236,1322.794690960569
1809,41.19,1279,1321.9856052896066
1810,41.21,1213,1321.1696933869925
1811,41.23,1183,1320.3469389853808
1812,41.25,1202,1319.5173261676737
1813,41.27,1193,1318.6808393704941
1814,41.29,1240,1317.8374633860558
1815,41.31,1252,1316.987183365437
1816,41.33,1175,1316.12998482064
1817,41.35,1196,1315.2658536274712
1818,41.37,1185,1314.394776028581
1819,41.39,1198,1313.5167386350813
1820,41.41,1170,1312.6317284306679
1821,41.43,1204,1311.7397327726503
1822,41.45,1195,1310.8407393961825
1823,41.47,1186,1309.9347364155137
1824,41.49,1201,1309.021712328371
1825,41.51,1232,1308.1016560163962
1826,41.53,1199,1307.1745567503058
1827,41.55,1178,1306.2404041905565
1828,41.57,1179,1305.299188391531
1829,41.59,1211,1304.3508998032803
1830,41.61,1142,1303.3955292747705
1831,41.63,1195,1302.43306805649
1832,41.65,1170,1301.463507803187
1833,41.67,1188,1300.4868405766447
1834,41.69,1172,1299.5030588485442
1835,41.71,1188,1298.5121555027981
1836,41.73,1218,1297.5141238391425
1837,41.75,1170,1296.5089575748862
1838,41.77,1209,1295.4966508486114
1839,41.79,1238,1294.4771982227412
1840,41.81,1167,1293.4505946856443
1841,41.83,1200,1292.416835655742
1842,41.85,1197,1291.375916983041
1843,41.87,1154,1290.327834953081
1844,41.89,1210,1289.2725862884063
1845,41.91,1148,1288.2101681532185
1846,41.93,1170,1287.1405781544709
1847,41.95,1194,1286.063814346031
1848,41.97,1096,1284.979875230384
1849,41.99,1196,1283.8887597631328
1850,42.01,1157,1282.7904673535713
1851,42.03,1223,1281.6849978700438
1852,42.05,1220,1280.572351641079
1853,42.07,1155,1279.4525294592086
1854,42.09,1180,1278.3255325832079
1855,42.11,1172,1277.191362741728
1856,42.13,1194,1276.0500221356315
1857,42.15,1140,1274.9015134414085
1858,42.17,1203,1273.7458398135686
1859,42.19,1202,1272.5830048882744
1860,42.21,1232,1271.4130127855897
1861,42.23,1155,1270.2358681129372
1862,42.25,1120,1269.0515759680084
1863,42.27,1152,1267.8601419412216
1864,42.29,1201,1266.6615721196622
1865,42.31,1171,1265.455873089415
1866,42.33,1213,1264.2430519385516
1867,42.35,1200,1263.0231162600776
1868,42.37,1231,1261.7960741560273
1869,42.39,1167,1260.561934238569
1870,42.41,1176,1259.3207056347183
1871,42.43,1139,1258.072397988747
1872,42.45,1192,1256.8170214652764
1873,42.47,1155,1255.5545867514265
1874,42.49,1111,1254.285105062031
1875,42.51,1125,1253.008588140773
1876,42.53,1106,1251.725048263973
1877,42.55,1136,1250.434498243817
1878,42.57,1144,1249.1369514306743
1879,42.59,1176,1247.832421717595
1880,42.61,1159,1246.520923542157
1881,42.63,1222,1245.2024718900584
1882,42.65,1200,1243.8770822981933
1883,42.67,1135,1242.5447708579304
1884,42.69,1100,1241.2055542181342
1885,42.71,1175,1239.8594495881625
1886,42.73,1160,1238.5064747412516
1887,42.75,1126,1237.1466480180516
1888,42.77,1119,1235.779988328366
1889,42.79,1104,1234.406515155968
1890,42.81,1152,1233.0262485610838
1891,42.83,1182,1231.6392091840362
1892,42.85,1089,1230.2454182469219
1893,42.87,1134,1228.8448975590009
1894,42.89,1114,1227.4376695185647
1895,42.91,1129,1226.0237571162752
1896,42.93,1135,1224.6031839386433
1897,42.95,1098,1223.1759741714131
1898,42.97,1181,1221.7421526024627
1899,42.99,1175,1220.3017446252152
1900,43.01,1148,1218.854776241912
1901,43.03,1187,1217.4012740668722
1902,43.05,1235,1215.9412653298714
1903,43.07,1125,1214.4747778790615
1904,43.09,1148,1213.0018401850148
1905,43.11,1134,1211.522481343025
1906,43.13,1108,1210.0367310773
1907,43.15,1150,1208.5446197439942
1908,43.17,1141,1207.0461783341134
1909,43.19,1162,1205.5414384773057
1910,43.21,1121,1204.0304324458584
1911,43.23,1176,1202.5131931559836
1912,43.25,1160,1200.9897541739247
1913,43.27,1115,1199.460149716656
1914,43.29,1121,1197.9244146571027
1915,43.31,1140,1196.3825845268611
1916,43.33,1205,1194.8346955201787
1917,43.35,1134,1193.2807844958343
1918,43.37,1158,1191.720888982196
1919,43.39,1061,1190.1550471799246
1920,43.41,1083,1188.5832979652641
1921,43.43,1198,1187.0056808939617
1922,43.45,1072,1185.4222362039618
1923,43.47,1130,1183.833004819896
1924,43.49,1132,1182.238028355613
1925,43.51,1145,1180.6373491179984
1926,43.53,1135,1179.0310101103005
1927,43.55,1074,1177.4190550362782
1928,43.57,1131,1175.8015283024515
1929,43.59,1158,1174.1784750229472
1930,43.61,1135,1172.5499410218745
1931,43.63,1137,1170.9159728376262
1932,43.65,1130,1169.27661772582
1933,43.67,1117,1167.6319236634336
1934,43.69,1115,1165.981939351711
1935,43.71,1171,1164.3267142202712
1936,43.73,1155,1162.666298430354
1937,43.75,1126,1161.0007428780536
1938,43.77,1158,1159.3300991988172
1939,43.79,1119,1157.6544197700123
1940,43.81,1102,1155.9737577154156
1941,43.83,1176,1154.2881669078215
1942,43.85,1101,1152.5977019736183
1943,43.87,1118,1150.9024182958046
1944,43.89,1132,1149.2023720178759
1945,43.91,1116,1147.4976200470974
1946,43.93,1139,1145.7882200583108
1947,43.95,1101,1144.0742304983924
1948,43.97,1153,1142.3557105881819
1949,43.99,1137,1140.6327203277597
1950,44.01,1108,1138.9053204992188
1951,44.03,1086,1137.173572670652
1952,44.05,1114,1135.4375391999838
1953,44.07,1051,1133.6972832379452
1954,44.09,1127,1131.9528687329303
1955,44.11,1047,1130.2043604337605
1956,44.13,1166,1128.4518238933115
1957,44.15,1130,1126.695325473528
1958,44.17,1106,1124.9349323476727
1959,44.19,1080,1123.1707125044368
1960,44.21,1111,1121.4027347525107
1961,44.23,1059,1119.6310687232472
1962,44.25,1069,1117.85578487559
1963,44.27,1122,1116.076954498374
1964,44.29,1122,1114.2946497152743
1965,44.31,1148,1112.5089434884276
1966,44.33,1173,1110.7199096218692
1967,44.35,1153,1108.9276227655791
1968,44.37,1116,1107.1321584192
1969,44.39,1122,1105.3335929356526
1970,44.41,1124,1103.5320035259774
1971,44.43,1156,1101.727468261558
1972,44.45,1157,1099.9200660793176
1973,44.47,1134,1098.109876785018
1974,44.49,1164,1096.2969810571776
1975,44.51,1183,1094.4814604511112
1976,44.53,1171,1092.6633974021015
1977,44.55,1091,1090.8428752306909
1978,44.57,1194,1089.0199781454621
1979,44.59,1103,1087.194791246885
1980,44.61,1095,1085.3674005319472
1981,44.63,1103,1083.5378928977952
1982,44.65,1075,1081.7063561454033
1983,44.67,1193,1079.8728789837141
1984,44.69,1115,1078.0375510336062
1985,44.71,1163,1076.2004628321574
1986,44.73,1086,1074.3617058358177
1987,44.75,1156,1072.5213724251307
1988,44.77,1141,1070.6795559086258
1989,44.79,1090,1068.8363505257566
1990,44.81,1076,1066.9918514532364
1991,44.83,1071,1065.146154806419
1992,44.85,1022,1063.2993576449553
1993,44.87,1050,1061.4515579761664
1994,44.89,1078,1059.6028547599017
1995,44.91,1073,1057.7533479110089
1996,44.93,1121,1055.9031383050142
1997,44.95,1096,1054.0523277811772
1998,44.97,1071,1052.2010191473782
1999,44.99,1072,1050.3493161831093
2000,45.01,1077,1048.4973236445694
2001,45.03,1048,1046.645147268132
2002,45.05,1047,1044.792893774641
2003,45.07,1047,1042.9406708744154
2004,45.09,1018,1041.088587269136
2005,45.11,1057,1039.2367526581993
2006,45.13,1067,1037.3852777421616
2007,45.15,1071,1035.5342742262346
2008,45.17,1094,1033.683854825148
2009,45.19,1062,1031.83413326734
2010,45.21,1081,1029.9852242986908
2011,45.23,1021,1028.1372436869224
2012,45.25,991,1026.290308225939
2013,45.27,1030,1024.4445357397053
2014,45.29,1036,1022.6000450869105
2015,45.31,1099,1020.7569561646369
2016,45.33,1051,1018.9153899130042
2017,45.35,983,1017.075468319018
2018,45.37,1069,1015.23731442181
2019,45.39,1081,1013.4010523151628
2020,45.41,1027,1011.5668071534701
2021,45.43,1054,1009.734705154654
2022,45.45,1083,1007.9048736058658
2023,45.47,1089,1006.0774408664365
2024,45.49,1065,1004.2525363728118
2025,45.51,1081,1002.4302906427247
2026,45.53,1014,1000.610835279831
2027,45.55,1034,998.794302977436
2028,45.57,1012,996.9808275232308
2029,45.59,971,995.170543803948
2030,45.61,1004,993.3635878083251
2031,45.63,1032,991.5600966336606
2032,45.65,1001,989.7602084881783
2033,45.67,1101,987.9640626965529
2034,45.69,1026,986.1717997034903
2035,45.71,1075,984.3835610793121
2036,45.73,1024,982.5994895227432
2037,45.75,1056,980.8197288668998
2038,45.77,1032,979.0444240825755
2039,45.79,1039,977.273721283349
2040,45.81,1040,975.5077677298032
2041,45.83,1068,973.7467118335426
2042,45.85,983,971.9907031623143
2043,45.87,1015,970.2398924446406
2044,45.89,1062,968.4944315728753
2045,45.91,1038,966.7544736096706
2046,45.93,1037,965.0201727906579
2047,45.95,1028,963.2916845304189
2048,45.97,1021,961.5691654257471
2049,45.99,962,959.852773261403
2050,46.01,1021,958.1426670132942
2051,46.03,1014,956.439006854207
2052,46.05,1046,954.74195415746
2053,46.07,993,953.0516715026088
2054,46.09,964,951.368322677873
2055,46.11,1009,949.6920726875624
2056,46.13,997,948.0230877547829
2057,46.15,1032,946.3615353252517
2058,46.17,1024,944.7075840747748
2059,46.19,1004,943.0614039113061
2060,46.21,971,941.4231659801599
2061,46.23,972,939.7930426694575
2062,46.25,991,938.1712076138101
2063,46.27,937,936.5578356997066
2064,46.29,944,934.9531030695589
2065,46.31,1020,933.3571871262648
2066,46.33,1027,931.7702665390598
2067,46.35,1018,930.1925212465685
2068,46.37,1014,928.6241324626044
2069,46.39,1028,927.0652826807946
2070,46.41,1008,925.5161556788107
2071,46.43,1008,923.9769365233151
2072,46.45,1028,922.4478115745187
2073,46.47,989,920.9289684913228
2074,46.49,996,919.420596236002
2075,46.51,950,917.9228850785748
2076,46.53,1036,916.4360266016947
2077,46.55,1045,914.9602137052543
2078,46.57,973,913.4956406123965
2079,46.59,988,912.0425028722348
2080,46.61,978,910.6009973662603
2081,46.63,999,909.171322312638
2082,46.65,999,907.7536772713711
2083,46.67,1006,906.3482631476691
2084,46.69,999,904.95528219888
2085,46.71,1001,903.5749380381512
2086,46.73,994,902.207435639225
2087,46.75,967,900.8529813419382
2088,46.77,944,899.5117828560551
2089,46.79,968,898.1840492679912
2090,46.81,980,896.8699910431151
2091,46.83,963,895.5698200331526
2092,46.85,996,894.2837494793339
2093,46.87,983,893.0119940183522
2094,46.89,1045,891.7547696869115
2095,46.91,991,890.5122939261437
2096,46.93,943,889.2847855879154
2097,46.95,983,888.0724649385438
2098,46.97,951,886.8755536638046
2099,46.99,1015,885.6942748752826
2100,47.01,967,884.5288531130718
2101,47.03,985,883.3795143531706
2102,47.05,977,882.2464860104765
2103,47.07,966,881.1299969458369
2104,47.09,954,880.030277468124
2105,47.11,1004,878.9475593431089
2106,47.13,908,877.8820757947533
2107,47.15,978,876.834061513232
2108,47.17,974,875.80375265781
2109,47.19,896,874.791386863234
2110,47.21,929,873.7972032443531
2111,47.23,941,872.8214424012631
2112,47.25,955,871.864346424416
2113,47.27,981,870.9261588994341
2114,47.29,951,870.0071249132789
2115,47.31,942,869.1074910571797
2116,47.33,972,868.227505434761
2117,47.35,934,867.3674176642353
2118,47.37,942,866.5274788860088
2119,47.39,981,865.707941766248
2120,47.41,980,864.9090605028041
2121,47.43,906,864.1310908295936
2122,47.45,960,863.3742900230845
2123,47.47,983,862.6389169061304
2124,47.49,944,861.9252318544713
2125,47.51,946,861.2334968005625
2126,47.53,934,860.5639752401803
2127,47.55,916,859.9169322370608
2128,47.57,964,859.2926344271063
2129,47.59,973,858.6913500256405
2130,47.61,966,858.1133488319083
2131,47.63,924,857.5589022327731
2132,47.65,918,857.0282832109215
2133,47.67,945,856.5217663476733
2134,47.69,867,856.0396278293247
2135,47.71,918,855.5821454521347
2136,47.73,964,855.1495986287364
2137,47.75,966,854.7422683918649
2138,47.77,982,854.3604374003871
2139,47.79,969,854.0043899450475
2140,47.81,932,853.6744119533114
2141,47.83,949,853.3707909951981
2142,47.85,986,853.0938162880029
2143,47.87,940,852.8437787019138
2144,47.89,901,852.6209707662856
2145,47.91,969,852.4256866736741
2146,47.93,1000,852.2582222866604
2147,47.95,974,852.1188751412519
2148,47.97,898,852.0079444547564
2149,47.99,934,851.9257311298234
2150,48.01,960,851.8725377601413
2151,48.03,955,851.8486686356891
2152,48.05,937,851.8544297486242
2153,48.07,977,851.8901287984236
2154,48.09,963,851.956075198078
2155,48.11,909,852.0525800787418
2156,48.13,874,852.1799562953956
2157,48.15,984,852.3385184329982
2158,48.17,879,852.5285828110482
2159,48.19,912,852.7504674905758
2160,48.21,863,853.0044922777715
2161,48.23,905,853.2909787313656
2162,48.25,937,853.6102501672212
2163,48.27,905,853.9626316638751
2164,48.29,914,854.3484500684772
2165,48.31,959,854.7680340028992
2166,48.33,871,855.2217138678279
2167,48.35,844,855.7098218499523
2168,48.37,917,856.2326919266416
2169,48.39,875,856.7906598726149
2170,48.41,887,857.3840632634692
2171,48.43,929,858.0132414844575
2172,48.45,894,858.6785357333929
2173,48.47,956,859.380289027532
2174,48.49,922,860.1188462097043
2175,48.51,873,860.8945539531787
2176,48.53,897,861.7077607671517
2177,48.55,923,862.5588170040219
2178,48.57,908,863.4480748632113
2179,48.59,937,864.3758883983446
2180,48.61,925,865.3426135222535
2181,48.63,881,866.3486080126122
2182,48.65,895,867.3942315188815
2183,48.67,845,868.4798455662567
2184,48.69,911,869.6058135631774
2185,48.71,905,870.7725008062553
2186,48.73,857,871.9802744856834
2187,48.75,885,873.2295036928563
2188,48.77,923,874.5205594238596
2189,48.79,905,875.8538145865714
2190,48.81,878,877.2296440067585
2191,48.83,902,878.6484244335215
2192,48.85,911,880.110534544805
2193,48.87,885,881.6163549539579
2194,48.89,876,883.1662682153319
2195,48.91,932,884.7606588304079
2196,48.93,834,886.3999132527942
2197,48.95,889,888.0844198956765
2198,48.97,878,889.8145691362843
2199,48.99,891,891.590753322901
2200,49.01,872,893.4133667805199
2201,49.03,906,895.2828058156974
2202,49.05,874,897.1994687248498
2203,49.07,877,899.1637557981303
2204,49.09,854,901.1760693263059
2205,49.11,863,903.2368136066934
2206,49.13,851,905.3463949494262
2207,49.15,890,907.5052216824406
2208,49.17,867,909.7137041584983
2209,49.19,829,911.9722547618267
2210,49.21,923,914.2812879126514
2211,49.23,894,916.6412200734403
2212,49.25,876,919.0524697566507
2213,49.27,854,921.5154575287934
2214,49.29,841,924.0306060176572
2215,49.31,833,926.5983399179113
2216,49.33,797,929.2190859976345
2217,49.35,865,931.8932731046943
2218,49.37,866,934.6213321717651
2219,49.39,889,937.4036962232467
2220,49.41,867,940.2408003817864
2221,49.43,885,943.1330818736487
2222,49.45,867,946.0809800348852
2223,49.47,841,949.0849363185234
2224,49.49,889,952.1453943000843
2225,49.51,869,955.2627996833953
2226,49.53,854,958.4376003069547
2227,49.55,900,961.670246151717
2228,49.57,864,964.9611893446472
2229,49.59,903,968.3108841671537
2230,49.61,819,971.7197870602467
2231,49.63,850,975.1883566313809
2232,49.65,836,978.7170536602798
2233,49.67,874,982.306341105641
2234,49.69,835,985.9566841107071
2235,49.71,833,989.668550010575
2236,49.73,814,993.4424083379145
2237,49.75,882,997.2787308299803
2238,49.77,848,1001.1779914329654
2239,49.79,795,1005.1406663110647
2240,49.81,808,1009.1672338513363
2241,49.83,801,1013.2581746694732
2242,49.85,804,1017.4139716179352
2243,49.87,858,1021.6351097911847
2244,49.89,877,1025.922076532198
2245,49.91,883,1030.275361439285
2246,49.93,799,1034.6954563713562
2247,49.95,830,1039.1828554560252
2248,49.97,866,1043.738055095465
2249,49.99,796,1048.3615539718294
