,x,y,y_pred
0,5.01,2070,2522.205502599106
1,5.03,1983,2511.6872806950023
2,5.05,2086,2501.270089544827
3,5.07,2072,2490.95350720637
4,5.09,2179,2480.7371124785477
5,5.11,2131,2470.6204849021033
6,5.13,2045,2460.603204760325
7,5.15,2031,2450.6848530797306
8,5.17,2113,2440.8650116307726
9,5.19,2084,2431.1432629285146
10,5.21,2081,2421.5191902333245
11,5.23,2134,2411.9923775515354
12,5.25,2063,2402.5624096361335
13,5.27,2047,2393.2288719874095
14,5.29,2089,2383.9913508536265
15,5.31,2036,2374.8494332316704
16,5.33,2043,2365.8027068676956
17,5.35,2100,2356.850760257774
18,5.37,2168,2347.993182648527
19,5.39,2105,2339.229564037765
20,5.41,2047,2330.5594951751
21,5.43,2146,2321.9825675625807
22,5.45,2029,2313.4983734553007
23,5.47,2087,2305.106505862006
24,5.49,2045,2296.806558545706
25,5.51,2149,2288.5981260242697
26,5.53,2061,2280.4808035710166
27,5.55,2103,2272.454187215305
28,5.57,2154,2264.517873743118
29,5.59,2131,2256.6714606976393
30,5.61,2089,2248.9145463798213
31,5.63,2152,2241.2467298489582
32,5.65,2082,2233.6676109232376
33,5.67,2166,2226.176790180304
34,5.69,2099,2218.7738689578036
35,5.71,2105,2211.4584493539332
36,5.73,2072,2204.230134227975
37,5.75,2049,2197.0885272008336
38,5.77,2099,2190.033232655561
39,5.79,2155,2183.0638557378843
40,5.81,2132,2176.180002356723
41,5.83,2079,2169.381279184693
42,5.85,2128,2162.6672936586247
43,5.87,2050,2156.037653980058
44,5.89,2019,2149.491969115742
45,5.91,2044,2143.029848798121
46,5.93,2038,2136.6509035258323
47,5.95,2086,2130.354744564169
48,5.97,2124,2124.1409839455673
49,5.99,2077,2118.0092344700743
50,6.01,2010,2111.959109705813
51,6.03,2128,2105.9902239894336
52,6.05,2146,2100.1021924265833
53,6.07,2174,2094.29463089234
54,6.09,2090,2088.567156031664
55,6.11,2147,2082.919385259832
56,6.13,2169,2077.350936762873
57,6.15,2140,2071.8614294979943
58,6.17,2251,2066.4504831940103
59,6.19,2121,2061.1177183517475
60,6.21,2059,2055.862756244467
61,6.23,2115,2050.6852189182728
62,6.25,2118,2045.5847291924993
63,6.27,2133,2040.560910660125
64,6.29,2039,2035.6133876881586
65,6.31,2155,2030.7417854180185
66,6.33,2154,2025.9457297659192
67,6.35,2171,2021.2248474232529
68,6.37,2092,2016.578765856947
69,6.39,2120,2012.00711330984
70,6.41,2150,2007.5095188010446
71,6.43,2110,2003.0856121262914
72,6.45,2159,1998.7350238582885
73,6.47,2131,1994.4573853470656
74,6.49,2043,1990.2523287203103
75,6.51,2167,1986.1194868837092
76,6.53,2143,1982.058493521271
77,6.55,2149,1978.0689830956553
78,6.57,2085,1974.1505908484978
79,6.59,2103,1970.302952800711
80,6.61,2092,1966.525705752807
81,6.63,2158,1962.8184872852007
82,6.65,2175,1959.180935758498
83,6.67,2139,1955.6126903138102
84,6.69,2171,1952.1133908730235
85,6.71,2157,1948.6826781390973
86,6.73,2128,1945.3201935963361
87,6.75,2114,1942.0255795106723
88,6.77,2108,1938.7984789299253
89,6.79,2079,1935.6385356840792
90,6.81,2078,1932.5453943855255
91,6.83,2028,1929.5187004293366
92,6.85,2076,1926.5580999935028
93,6.87,2109,1923.6632400391782
94,6.89,2069,1920.833768310932
95,6.91,2055,1918.0693333369663
96,6.93,2069,1915.3695844293607
97,6.95,2080,1912.7341716842875
98,6.97,2129,1910.1627459822412
99,6.99,2153,1907.6549589882425
100,7.01,2084,1905.2104631520624
101,7.03,2036,1902.8289117084141
102,7.05,2094,1900.509958677163
103,7.07,2072,1898.2532588635231
104,7.09,2128,1896.0584678582372
105,7.11,2111,1893.925242037777
106,7.13,2108,1891.853238564513
107,7.15,2114,1889.8421153869022
108,7.17,2018,1887.8915312396457
109,7.19,2106,1886.0011456438688
110,7.21,2142,1884.1706189072738
111,7.23,2087,1882.3996121243035
112,7.25,2063,1880.68778717629
113,7.27,2115,1879.0348067316
114,7.29,2033,1877.4403342457854
115,7.31,2130,1875.9040339617122
116,7.33,2143,1874.4255709097051
117,7.35,2158,1873.0046109076593
118,7.37,2081,1871.6408205611779
119,7.39,2127,1870.3338672636937
120,7.41,2060,1869.0834191965669
121,7.43,2076,1867.889145329209
122,7.45,2151,1866.7507154191844
123,7.47,2057,1865.6678000123065
124,7.49,2109,1864.6400704427351
125,7.51,2104,1863.6671988330727
126,7.53,2155,1862.74885809444
127,7.55,2037,1861.8847219265635
128,7.57,2075,1861.074464817857
129,7.59,2054,1860.3177620454799
130,7.61,2032,1859.614289675419
131,7.63,2063,1858.9637245625418
132,7.65,2073,1858.3657443506554
133,7.67,2064,1857.8200274725705
134,7.69,2069,1857.3262531501268
135,7.71,2084,1856.8841013942674
136,7.73,2013,1856.4932530050528
137,7.75,2035,1856.1533895717112
138,7.77,2056,1855.8641934726602
139,7.79,2033,1855.6253478755352
140,7.81,2056,1855.4365367372166
141,7.83,2001,1855.2974448038312
142,7.85,2063,1855.207757610784
143,7.87,2114,1855.1671614827492
144,7.89,1949,1855.1753435336805
145,7.91,2087,1855.2319916668112
146,7.93,2093,1855.3367945746413
147,7.95,2041,1855.4894417389278
148,7.97,2085,1855.689623430685
149,7.99,2084,1855.9370307101335
150,8.01,2112,1856.2313554267103
151,8.03,2043,1856.5722902190164
152,8.05,2071,1856.9595285147916
153,8.07,2022,1857.3927645308777
154,8.09,2030,1857.871693273175
155,8.11,2083,1858.3960105365968
156,8.13,2046,1858.9654129050132
157,8.15,2086,1859.5795977511998
158,8.17,2093,1860.2382632367817
159,8.19,1995,1860.9411083121613
160,8.21,2041,1861.687832716454
161,8.23,2018,1862.4781369774119
162,8.25,1988,1863.3117224113466
163,8.27,2001,1864.1882911230514
164,8.29,1909,1865.10754600571
165,8.31,1946,1866.0691907408063
166,8.33,2111,1867.0729297980306
167,8.35,1979,1868.118468435181
168,8.37,2151,1869.2055126980522
169,8.39,2021,1870.333769420342
170,8.41,2013,1871.5029462235152
171,8.43,2011,1872.7127515167113
172,8.45,2091,1873.9628944966116
173,8.47,2076,1875.2530851473066
174,8.49,2033,1876.5830342401814
175,8.51,2091,1877.9524533337662
176,8.53,2015,1879.3610547736062
177,8.55,2029,1880.808551692121
178,8.57,1987,1882.2946580084508
179,8.59,1984,1883.819088428304
180,8.61,2096,1885.381558443808
181,8.63,2064,1886.9817843333458
182,8.65,2025,1888.619483161392
183,8.67,2040,1890.2943727783395
184,8.69,1982,1892.0061718203333
185,8.71,2084,1893.7545997090965
186,8.73,2021,1895.53937665173
187,8.75,2035,1897.360223640555
188,8.77,2090,1899.2168624529031
189,8.79,2019,1901.1090156509226
190,8.81,2057,1903.036406581391
191,8.83,2048,1904.9987593755031
192,8.85,2124,1906.995798948681
193,8.87,2049,1909.0272510003342
194,8.89,2011,1911.0928420136715
195,8.91,2081,1913.1922992554664
196,8.93,2052,1915.3253507758482
197,8.95,2095,1917.491725408061
198,8.97,2040,1919.6911527682305
199,8.99,2000,1921.9233632551513
200,9.01,2151,1924.1880880500103
201,9.03,2145,1926.4850591161858
202,9.05,2056,1928.8140091989626
203,9.07,1973,1931.1746718253016
204,9.09,2038,1933.5667813035707
205,9.11,2049,1935.990072723298
206,9.13,2097,1938.4442819549004
207,9.15,2172,1940.9291456494075
208,9.17,2083,1943.4444012382091
209,9.19,2099,1945.9897869327515
210,9.21,2062,1948.5650417242887
211,9.23,2060,1951.1699053835746
212,9.25,2072,1953.8041184605781
213,9.27,2121,1956.4674222841968
214,9.29,2058,1959.1595589619628
215,9.31,2138,1961.880271379724
216,9.33,2087,1964.62930320137
217,9.35,2023,1967.4063988684893
218,9.37,2139,1970.2113036000846
219,9.39,2073,1973.043763392243
220,9.41,2048,1975.903525017814
221,9.43,2039,1978.790336026097
222,9.45,2028,1981.703944742495
223,9.47,2060,1984.6441002681995
224,9.49,2021,1987.6105524798422
225,9.51,2051,1990.6030520291679
226,9.53,2095,1993.6213503426698
227,9.55,2094,1996.6651996212659
228,9.57,2060,1999.734352839926
229,9.59,2065,2002.8285637473318
230,9.61,2025,2005.9475868655054
231,9.63,2099,2009.091177489452
232,9.65,2070,2012.2590916868012
233,9.67,2130,2015.4510862974084
234,9.69,2023,2018.6669189330078
235,9.71,2111,2021.9063479768238
236,9.73,2156,2025.1691325831825
237,9.75,2167,2028.4550326771296
238,9.77,2052,2031.763808954047
239,9.79,2109,2035.095222879244
240,9.81,2079,2038.449036687567
241,9.83,2070,2041.8250133830015
242,9.85,2069,2045.2229167382611
243,9.87,2108,2048.642511294376
244,9.89,2107,2052.083562360289
245,9.91,2004,2055.545836012424
246,9.93,1999,2059.029099094282
247,9.95,2081,2062.533119216001
248,9.97,2088,2066.0576647539356
249,9.99,2082,2069.6025048502315
250,10.01,2055,2073.1674094123764
251,10.03,2093,2076.7521491127627
252,10.05,2065,2080.3564953882596
253,10.07,2066,2083.9802204397374
254,10.09,2073,2087.6230972316525
255,10.11,2041,2091.284899491563
256,10.13,2105,2094.9654017096864
257,10.15,2113,2098.6643791384286
258,10.17,2167,2102.3816077919355
259,10.19,2016,2106.1168644455975
260,10.21,2073,2109.8699266356007
261,10.23,2067,2113.640572658446
262,10.25,2189,2117.428581570449
263,10.27,2104,2121.233733187286
264,10.29,2077,2125.055808083486
265,10.31,2145,2128.8945875919508
266,10.33,2093,2132.7498538034524
267,10.35,2124,2136.6213895661413
268,10.37,1996,2140.5089784850425
269,10.39,2103,2144.412404921547
270,10.41,2115,2148.3314539929133
271,10.43,2086,2152.265911571737
272,10.45,2073,2156.2155642854595
273,10.47,2041,2160.1801995158303
274,10.49,2094,2164.159605398376
275,10.51,2143,2168.1535708219008
276,10.53,2045,2172.161885427944
277,10.55,2141,2176.1843396102286
278,10.57,2110,2180.2207245141562
279,10.59,2000,2184.2708320362417
280,10.61,2155,2188.334454823578
281,10.63,2138,2192.4113862732866
282,10.65,2125,2196.5014205319685
283,10.67,2057,2200.6043524951556
284,10.69,2122,2204.7199778067343
285,10.71,2085,2208.8480928584067
286,10.73,2110,2212.988494789106
287,10.75,2163,2217.1409814844346
288,10.77,2147,2221.305351576102
289,10.79,2195,2225.4814044413442
290,10.81,2086,2229.6689402023276
291,10.83,2130,2233.867759725593
292,10.85,2081,2238.077664621461
293,10.87,2185,2242.2984572434325
294,10.89,2039,2246.5299406875984
295,10.91,2141,2250.7719187920766
296,10.93,2174,2255.0241961363517
297,10.95,2135,2259.2865780407355
298,10.97,2184,2263.5588705657165
299,10.99,2167,2267.840880511376
300,11.01,2211,2272.132415416757
301,11.03,2118,2276.4332835592713
302,11.05,2135,2280.7432939540495
303,11.07,2086,2285.0622563533525
304,11.09,2178,2289.389981245916
305,11.11,2190,2293.726279856348
306,11.13,2271,2298.070964144469
307,11.15,2171,2302.4238468047033
308,11.17,2211,2306.78474126541
309,11.19,2239,2311.153461688271
310,11.21,2207,2315.52982296763
311,11.23,2153,2319.913640729842
312,11.25,2251,2324.3047313326188
313,11.27,2213,2328.7029118643995
314,11.29,2125,2333.1080001436503
315,11.31,2147,2337.5198147182355
316,11.33,2203,2341.938174864744
317,11.35,2168,2346.362900587801
318,11.37,2257,2350.793812619446
319,11.39,2106,2355.2307324183894
320,11.41,2262,2359.6734821693963
321,11.43,2179,2364.121884782575
322,11.45,2172,2368.575763892696
323,11.47,2194,2373.034943858509
324,11.49,2256,2377.4992497620524
325,11.51,2233,2381.9685074079553
326,11.53,2104,2386.4425433227334
327,11.55,2173,2390.9211847541155
328,11.57,2203,2395.404259670325
329,11.59,2229,2399.891596759351
330,11.61,2209,2404.383025428283
331,11.63,2209,2408.8783758025666
332,11.65,2229,2413.377478725296
333,11.67,2205,2417.880165756499
334,11.69,2250,2422.38626917241
335,11.71,2129,2426.895621964759
336,11.73,2323,2431.4080578400153
337,11.75,2235,2435.9234112186887
338,11.77,2210,2440.44151723458
339,11.79,2259,2444.9622117340414
340,11.81,2339,2449.4853312752384
341,11.83,2240,2454.0107131274126
342,11.85,2261,2458.538195270131
343,11.87,2180,2463.067616392541
344,11.89,2212,2467.598815892603
345,11.91,2237,2472.1316338763663
346,11.93,2302,2476.6659111571716
347,11.95,2257,2481.201489254927
348,11.97,2329,2485.738210395316
349,11.99,2274,2490.275917509055
350,12.01,2299,2494.814454231094
351,12.03,2380,2499.3536648998615
352,12.05,2358,2503.893394556515
353,12.07,2250,2508.4334889440925
354,12.09,2273,2512.973794506798
355,12.11,2271,2517.514158389189
356,12.13,2262,2522.0544284353864
357,12.15,2330,2526.5944531882915
358,12.17,2281,2531.1340818887948
359,12.19,2295,2535.673164474957
360,12.21,2267,2540.211551581252
361,12.23,2340,2544.7490945377276
362,12.25,2251,2549.285645369214
363,12.27,2298,2553.821056794516
364,12.29,2357,2558.355182225616
365,12.31,2361,2562.8878757668253
366,12.33,2387,2567.4189922140004
367,12.35,2377,2571.9483870537188
368,12.37,2395,2576.475916462443
369,12.39,2387,2581.0014373057047
370,12.41,2311,2585.5248071372826
371,12.43,2276,2590.0458841983527
372,12.45,2345,2594.5645274166964
373,12.47,2309,2599.0805964058054
374,12.49,2228,2603.5939514640904
375,12.51,2316,2608.104453574022
376,12.53,2347,2612.611964401297
377,12.55,2283,2617.1163462939685
378,12.57,2408,2621.6174622816116
379,12.59,2365,2626.1151760744788
380,12.61,2388,2630.609352062639
381,12.63,2370,2635.099855315104
382,12.65,2326,2639.586551578989
383,12.67,2333,2644.0693072786326
384,12.69,2384,2648.547989514759
385,12.71,2412,2653.0224660635713
386,12.73,2380,2657.4926053759027
387,12.75,2395,2661.958276576327
388,12.77,2357,2666.4193494623314
389,12.79,2389,2670.875694503353
390,12.81,2417,2675.327182839972
391,12.83,2436,2679.773686282989
392,12.85,2416,2684.2150773125422
393,12.87,2438,2688.651229077228
394,12.89,2469,2693.082015393209
395,12.91,2494,2697.5073107432963
396,12.93,2474,2701.9269902760752
397,12.95,2434,2706.3409298050055
398,12.97,2527,2710.7490058075045
399,12.99,2502,2715.1510954240384
400,13.01,2477,2719.547076457233
401,13.03,2430,2723.936827370965
402,13.05,2499,2728.320227289414
403,13.07,2495,2732.6971559961885
404,13.09,2394,2737.0674939333785
405,13.11,2543,2741.431122200648
406,13.13,2518,2745.7879225543184
407,13.15,2591,2750.1377774064185
408,13.17,2514,2754.480569823786
409,13.19,2388,2758.816183527111
410,13.21,2566,2763.144502890019
411,13.23,2530,2767.465412938125
412,13.25,2495,2771.7787993481043
413,13.27,2474,2776.0845484467527
414,13.29,2593,2780.382547210015
415,13.31,2528,2784.672683262096
416,13.33,2573,2788.9548448744545
417,13.35,2585,2793.2289209648734
418,13.37,2538,2797.494801096531
419,13.39,2546,2801.7523754770064
420,13.41,2468,2806.0015349573423
421,13.43,2582,2810.2421710310964
422,13.45,2582,2814.474175833341
423,13.47,2553,2818.6974421397463
424,13.49,2622,2822.911863365559
425,13.51,2546,2827.1173335646918
426,13.53,2466,2831.3137474287087
427,13.55,2658,2835.50100028584
428,13.57,2611,2839.6789881000777
429,13.59,2520,2843.8476074700966
430,13.61,2607,2848.0067556283466
431,13.63,2629,2852.1563304400524
432,13.65,2587,2856.2962304021894
433,13.67,2542,2860.4263546425636
434,13.69,2676,2864.5466029187464
435,13.71,2675,2868.6568756171437
436,13.73,2656,2872.7570737519573
437,13.75,2747,2876.8470989642174
438,13.77,2709,2880.9268535207575
439,13.79,2658,2884.9962403132286
440,13.81,2576,2889.0551628570884
441,13.83,2644,2893.1035252905995
442,13.85,2662,2897.141232373794
443,13.87,2788,2901.1681894875283
444,13.89,2634,2905.1843026323913
445,13.91,2682,2909.1894784277247
446,13.93,2621,2913.183624110623
447,13.95,2678,2917.16664753486
448,13.97,2729,2921.138457169948
449,13.99,2733,2925.0989621000163
450,14.01,2686,2929.0480720228734
451,14.03,2789,2932.985697248906
452,14.05,2720,2936.911748700086
453,14.07,2707,2940.8261379089536
454,14.09,2721,2944.7287770175444
455,14.11,2750,2948.6195787763536
456,14.13,2732,2952.498456543328
457,14.15,2771,2956.365324282793
458,14.17,2785,2960.220096564428
459,14.19,2860,2964.062688562217
460,14.21,2666,2967.8930160533855
461,14.23,2790,2971.7109954173566
462,14.25,2734,2975.5165436347334
463,14.27,2843,2979.309578286171
464,14.29,2825,2983.090017551398
465,14.31,2745,2986.8577802081127
466,14.33,2848,2990.612785630916
467,14.35,2856,2994.3549537902927
468,14.37,2838,2998.0842052514954
469,14.39,2825,3001.800461173516
470,14.41,2803,3005.5036433080004
471,14.43,2877,3009.1936739981757
472,14.45,2754,3012.8704761777726
473,14.47,2877,3016.5339733699802
474,14.49,2890,3020.1840896863296
475,14.51,2899,3023.8207498256443
476,14.53,2878,3027.4438790729337
477,14.55,2980,3031.053403298334
478,14.57,2901,3034.6492489560233
479,14.59,2790,3038.2313430831036
480,14.61,2889,3041.7996132985554
481,14.63,2938,3045.3539878021156
482,14.65,2969,3048.894395373184
483,14.67,2895,3052.420765369744
484,14.69,2977,3055.933027727284
485,14.71,2890,3059.43111295766
486,14.73,2993,3062.914952147996
487,14.75,2889,3066.384476959619
488,14.77,2882,3069.839619626925
489,14.79,2916,3073.2803129562863
490,14.81,2922,3076.7064903249284
491,14.83,2954,3080.1180856798355
492,14.85,3022,3083.515033536638
493,14.87,2976,3086.897268978497
494,14.89,2966,3090.2647276549624
495,14.91,3164,3093.6173457809336
496,14.93,2996,3096.955060135404
497,14.95,3079,3100.2778080604994
498,14.97,2999,3103.5855274602563
499,14.99,2998,3106.878156799501
500,15.01,3098,3110.155635102753
501,15.03,3006,3113.4179019531
502,15.05,3118,3116.664897491042
503,15.07,3076,3119.8965624133734
504,15.09,3122,3123.112837972054
505,15.11,3033,3126.3136659730535
506,15.13,2984,3129.4989887752463
507,15.15,3132,3132.6687492892625
508,15.17,2968,3135.8228909763166
509,15.19,3094,3138.961357847098
510,15.21,3241,3142.0840944606352
511,15.23,3077,3145.191045923132
512,15.25,3139,3148.2821578867906
513,15.27,3071,3151.3573765487417
514,15.29,3037,3154.4166486498143
515,15.31,3090,3157.4599214734244
516,15.33,3172,3160.487142844411
517,15.35,3165,3163.4982611278983
518,15.37,3040,3166.493225228096
519,15.39,3125,3169.4719845871878
520,15.41,3139,3172.4344891841283
521,15.43,3106,3175.380689533543
522,15.45,3161,3178.3105366844775
523,15.47,3299,3181.2239822192996
524,15.49,3234,3184.1209782525093
525,15.51,3091,3187.0014774295696
526,15.53,3243,3189.865432925737
527,15.55,3182,3192.7127984449016
528,15.57,3219,3195.5435282183917
529,15.59,3198,3198.3575770038096
530,15.61,3247,3201.154900083854
531,15.63,3238,3203.9354532651423
532,15.65,3184,3206.6991928770512
533,15.67,3171,3209.4460757704974
534,15.69,3177,3212.1760593167764
535,15.71,3221,3214.889101406363
536,15.73,3256,3217.585160447765
537,15.75,3341,3220.2641953662896
538,15.77,3244,3222.926165602882
539,15.79,3133,3225.571031112916
540,15.81,3282,3228.1987523650114
541,15.83,3322,3230.8092903398583
542,15.85,3280,3233.4026065289927
543,15.87,3241,3235.9786629336168
544,15.89,3226,3238.537422063415
545,15.91,3248,3241.0788469352783
546,15.93,3242,3243.6029010722405
547,15.95,3245,3246.1095485021506
548,15.97,3218,3248.5987537565243
549,15.99,3253,3251.0704818693466
550,16.01,3348,3253.5246983758307
551,16.03,3298,3255.9613693112415
552,16.05,3342,3258.3804612096883
553,16.07,3294,3260.7819411028695
554,16.09,3443,3263.1657765189184
555,16.11,3179,3265.5319354811563
556,16.13,3350,3267.8803865068885
557,16.15,3264,3270.2110986061716
558,16.17,3335,3272.524041280627
559,16.19,3402,3274.8191845221972
560,16.21,3377,3277.0964988119476
561,16.23,3385,3279.355955118799
562,16.25,3425,3281.5975248983686
563,16.27,3380,3283.8211800917006
564,16.29,3432,3286.0268931240726
565,16.31,3411,3288.2146369036955
566,16.33,3427,3290.3843848206316
567,16.35,3467,3292.5361107454046
568,16.37,3400,3294.66978902785
569,16.39,3500,3296.7853944958997
570,16.41,3414,3298.8829024543247
571,16.43,3466,3300.9622886834377
572,16.45,3383,3303.023529438001
573,16.47,3528,3305.06660144585
574,16.49,3490,3307.091481906751
575,16.51,3460,3309.0981484910963
576,16.53,3348,3311.0865793386993
577,16.55,3434,3313.0567530575427
578,16.57,3499,3315.0086487225544
579,16.59,3479,3316.94224587433
580,16.61,3506,3318.8575245179136
581,16.63,3562,3320.7544651215367
582,16.65,3416,3322.6330486153793
583,16.67,3422,3324.493256390336
584,16.69,3428,3326.3350702967136
585,16.71,3475,3328.1584726430656
586,16.73,3487,3329.963446194827
587,16.75,3526,3331.7499741731835
588,16.77,3604,3333.51804025373
589,16.79,3629,3335.267628565247
590,16.81,3562,3336.9987236884363
591,16.83,3517,3338.7113106546913
592,16.85,3483,3340.4053749447885
593,16.87,3581,3342.080902487656
594,16.89,3517,3343.7378796591265
595,16.91,3569,3345.376293280656
596,16.93,3552,3346.9961306180458
597,16.95,3585,3348.5973793802195
598,16.97,3493,3350.180027717939
599,16.99,3655,3351.744064222534
600,17.01,3573,3353.2894779245944
601,17.03,3584,3354.816258292788
602,17.05,3620,3356.324395232543
603,17.07,3597,3357.813879084778
604,17.09,3636,3359.2847006246284
605,17.11,3632,3360.7368510601864
606,17.13,3538,3362.1703220312265
607,17.15,3652,3363.5851056079146
608,17.17,3506,3364.981194289554
609,17.19,3660,3366.3585810033046
610,17.21,3558,3367.7172591029057
611,17.23,3623,3369.0572223673826
612,17.25,3599,3370.3784649997933
613,17.27,3590,3371.680981625912
614,17.29,3599,3372.964767293024
615,17.31,3613,3374.22981746852
616,17.33,3597,3375.4761280387547
617,17.35,3537,3376.7036953076504
618,17.37,3532,3377.912515995473
619,17.39,3563,3379.102587237523
620,17.41,3497,3380.2739065828882
621,17.43,3648,3381.4264719930743
622,17.45,3538,3382.560281840818
623,17.47,3555,3383.675334908723
624,17.49,3677,3384.7716303879915
625,17.51,3550,3385.849167877176
626,17.53,3629,3386.9079473808033
627,17.55,3655,3387.9479693081703
628,17.57,3549,3388.9692344720115
629,17.59,3534,3389.9717440871564
630,17.61,3504,3390.955499769354
631,17.63,3525,3391.920503533879
632,17.65,3502,3392.8667577942215
633,17.67,3490,3393.79426536094
634,17.69,3494,3394.703029440152
635,17.71,3620,3395.593053632384
636,17.73,3484,3396.4643419312833
637,17.75,3530,3397.3168987221416
638,17.77,3585,3398.1507287808645
639,17.79,3484,3398.965837272439
640,17.81,3574,3399.762229749709
641,17.83,3667,3400.5399121521396
642,17.85,3502,3401.298890804421
643,17.87,3534,3402.039172415183
644,17.89,3450,3402.7607640757606
645,17.91,3559,3403.463673258777
646,17.93,3533,3404.1479078169577
647,17.95,3621,3404.813475981682
648,17.97,3538,3405.460386361836
649,17.99,3565,3406.0886479423853
650,18.01,3570,3406.6982700831268
651,18.03,3591,3407.28926251731
652,18.05,3583,3407.861635350422
653,18.07,3543,3408.415399058852
654,18.09,3600,3408.950564488485
655,18.11,3619,3409.4671428535376
656,18.13,3569,3409.965145735129
657,18.15,3485,3410.444585080025
658,18.17,3608,3410.9054731993283
659,18.19,3587,3411.3478227671103
660,18.21,3495,3411.7716468191784
661,18.23,3720,3412.176958751662
662,18.25,3506,3412.563772319826
663,18.27,3557,3412.9321016366184
664,18.29,3578,3413.281961171445
665,18.31,3496,3413.6133657488162
666,18.33,3581,3413.9263305470104
667,18.35,3580,3414.2208710968453
668,18.37,3652,3414.4970032802385
669,18.39,3508,3414.7547433289546
670,18.41,3564,3414.994107823297
671,18.43,3608,3415.215113690735
672,18.45,3590,3415.4177782046827
673,18.47,3589,3415.6021189830017
674,18.49,3610,3415.7681539869063
675,18.51,3525,3415.9159015194273
676,18.53,3642,3416.0453802242364
677,18.55,3636,3416.156609084268
678,18.57,3613,3416.249607420382
679,18.59,3701,3416.3243948900626
680,18.61,3559,3416.380991486125
681,18.63,3547,3416.4194175353205
682,18.65,3610,3416.4396936970315
683,18.67,3701,3416.441840962015
684,18.69,3566,3416.4258806509906
685,18.71,3636,3416.3918344133517
686,18.73,3595,3416.339724225815
687,18.75,3517,3416.269572391162
688,18.77,3641,3416.181401536838
689,18.79,3682,3416.075234613627
690,18.81,3641,3415.9510948943716
691,18.83,3526,3415.809005972653
692,18.85,3518,3415.648991761367
693,18.87,3625,3415.471076491499
694,18.89,3641,3415.275284710745
695,18.91,3707,3415.0616412821955
696,18.93,3516,3414.830171382978
697,18.95,3534,3414.580900503008
698,18.97,3535,3414.3138544435496
699,18.99,3705,3414.0290593159616
700,19.01,3600,3413.726541540347
701,19.03,3603,3413.406327844178
702,19.05,3706,3413.0684452610612
703,19.07,3510,3412.7129211293304
704,19.09,3679,3412.3397830907497
705,19.11,3637,3411.9490590891046
706,19.13,3526,3411.540777369004
707,19.15,3703,3411.1149664744453
708,19.17,3557,3410.6716552475364
709,19.19,3650,3410.2108728271087
710,19.21,3741,3409.732648647422
711,19.23,3615,3409.23701243686
712,19.25,3648,3408.723994216516
713,19.27,3602,3408.193624298927
714,19.29,3495,3407.6459332867453
715,19.31,3503,3407.080952071323
716,19.33,3490,3406.4987118314893
717,19.35,3630,3405.899244032128
718,19.37,3585,3405.282580422888
719,19.39,3515,3404.648753036852
720,19.41,3724,3403.9977941891866
721,19.43,3690,3403.329736475781
722,19.45,3585,3402.6446127719855
723,19.47,3660,3401.9424562312215
724,19.49,3674,3401.2233002836474
725,19.51,3658,3400.487178634845
726,19.53,3572,3399.734125264481
727,19.55,3602,3398.9641744249648
728,19.57,3482,3398.1773606401357
729,19.59,3533,3397.3737187038623
730,19.61,3549,3396.553283678827
731,19.63,3563,3395.7160908950655
732,19.65,3537,3394.862175948704
733,19.67,3642,3393.9915747006016
734,19.69,3437,3393.1043232750517
735,19.71,3723,3392.200458058386
736,19.73,3647,3391.280015697662
737,19.75,3605,3390.3430330994115
738,19.77,3572,3389.3895474281207
739,19.79,3674,3388.4195961051
740,19.81,3557,3387.433216807014
741,19.83,3466,3386.4304474646196
742,19.85,3444,3385.411326261342
743,19.87,3522,3384.3758916320894
744,19.89,3570,3383.3241822617783
745,19.91,3608,3382.2562370840433
746,19.93,3547,3381.172095279947
747,19.95,3491,3380.0717962765593
748,19.97,3564,3378.9553797457465
749,19.99,3510,3377.822885602758
750,20.01,3461,3376.6743540047846
751,20.03,3540,3375.509825349911
752,20.05,3618,3374.3293402755144
753,20.07,3525,3373.132939657039
754,20.09,3461,3371.920664606693
755,20.11,3510,3370.6925564720314
756,20.13,3620,3369.4486568347247
757,20.15,3447,3368.1890075091196
758,20.17,3638,3366.9136505410324
759,20.19,3435,3365.6226282062235
760,20.21,3529,3364.3159830093246
761,20.23,3587,3362.9937576822786
762,20.25,3619,3361.655995183155
763,20.27,3565,3360.3027386946924
764,20.29,3436,3358.934031623133
765,20.31,3507,3357.5499175967225
766,20.33,3558,3356.150440464493
767,20.35,3514,3354.735644294886
768,20.37,3497,3353.305573374454
769,20.39,3459,3351.8602722064443
770,20.41,3522,3350.3997855096395
771,20.43,3564,3348.9241582168206
772,20.45,3565,3347.433435473613
773,20.47,3533,3345.9276626370447
774,20.49,3513,3344.4068852742994
775,20.51,3495,3342.871149161323
776,20.53,3509,3341.3205002815484
777,20.55,3502,3339.7549848245208
778,20.57,3507,3338.174649184596
779,20.59,3482,3336.5795399596445
780,20.61,3557,3334.9697039496486
781,20.63,3559,3333.345188155481
782,20.65,3611,3331.706039777475
783,20.67,3478,3330.0523062141583
784,20.69,3430,3328.3840350609335
785,20.71,3469,3326.701274108719
786,20.73,3417,3325.004071342645
787,20.75,3459,3323.292474940722
788,20.77,3523,3321.5665332726203
789,20.79,3451,3319.826294898112
790,20.81,3430,3318.071808565949
791,20.83,3491,3316.303123212514
792,20.85,3360,3314.520287960464
793,20.87,3619,3312.723352117373
794,20.89,3453,3310.9123651744912
795,20.91,3505,3309.0873768053725
796,20.93,3399,3307.24843686462
797,20.95,3534,3305.395595386438
798,20.97,3394,3303.5289025834327
799,20.99,3418,3301.6484088453335
800,21.01,3450,3299.7541647374683
801,21.03,3516,3297.846220999688
802,21.05,3423,3295.9246285448626
803,21.07,3390,3293.9894384577383
804,21.09,3438,3292.040701993442
805,21.11,3544,3290.0784705762944
806,21.13,3423,3288.102795798465
807,21.15,3394,3286.1137294186638
808,21.17,3541,3284.111323360772
809,21.19,3419,3282.095629712642
810,21.21,3473,3280.0667007246257
811,21.23,3546,3278.0245888084537
812,21.25,3352,3275.969346535783
813,21.27,3438,3273.901026636955
814,21.29,3338,3271.8196819996156
815,21.31,3393,3269.725365667544
816,21.33,3514,3267.618130839155
817,21.35,3493,3265.4980308664317
818,21.37,3480,3263.365119253316
819,21.39,3408,3261.219449654737
820,21.41,3450,3259.0610758750163
821,21.43,3422,3256.8900518667424
822,21.45,3461,3254.7064317294316
823,21.47,3406,3252.5102697081547
824,21.49,3368,3250.3016201923265
825,21.51,3400,3248.0805377143743
826,21.53,3479,3245.847076948393
827,21.55,3423,3243.601292708855
828,21.57,3414,3241.343239949433
829,21.59,3447,3239.0729737615356
830,21.61,3529,3236.7905493730477
831,21.63,3468,3234.49602214715
832,21.65,3404,3232.189447580904
833,21.67,3332,3229.8708813039493
834,21.69,3305,3227.540379077306
835,21.71,3407,3225.1979967920224
836,21.73,3377,3222.8437904678276
837,21.75,3418,3220.477816251977
838,21.77,3374,3218.1001304178108
839,21.79,3257,3215.7107893635966
840,21.81,3449,3213.3098496111124
841,21.83,3353,3210.897367804466
842,21.85,3229,3208.473400708752
843,21.87,3271,3206.0380052087985
844,21.89,3445,3203.591238307825
845,21.91,3355,3201.1331571261826
846,21.93,3389,3198.663818900107
847,21.95,3290,3196.183280980419
848,21.97,3310,3193.6916008311828
849,21.99,3271,3191.1888360284647
850,22.01,3282,3188.6750442591265
851,22.03,3361,3186.1502833194218
852,22.05,3363,3183.614611113784
853,22.07,3281,3181.0680856535273
854,22.09,3322,3178.510765055562
855,22.11,3254,3175.942707541215
856,22.13,3307,3173.3639714347464
857,22.15,3367,3170.774615162297
858,22.17,3427,3168.1746972505034
859,22.19,3281,3165.5642763252017
860,22.21,3245,3162.9434111102664
861,22.23,3233,3160.3121604261896
862,22.25,3180,3157.6705831889485
863,22.27,3295,3155.018738408641
864,22.29,3382,3152.3566851883215
865,22.31,3282,3149.684482722576
866,22.33,3237,3147.0021902964563
867,22.35,3067,3144.3098672840397
868,22.37,3234,3141.607573147231
869,22.39,3183,3138.8953674345466
870,22.41,3276,3136.1733097798206
871,22.43,3271,3133.4414599008915
872,22.45,3265,3130.699877598412
873,22.47,3209,3127.9486227545594
874,22.49,3212,3125.1877553317936
875,22.51,3263,3122.417335371627
876,22.53,3237,3119.6374229932953
877,22.55,3203,3116.8480783925534
878,22.57,3251,3114.0493618403943
879,22.59,3207,3111.241333681912
880,22.61,3139,3108.424054334835
881,22.63,3173,3105.597584288469
882,22.65,3116,3102.7619841024134
883,22.67,3120,3099.91731440519
884,22.69,3167,3097.063635893185
885,22.71,3133,3094.201009329292
886,22.73,3112,3091.3294955415813
887,22.75,3067,3088.449155422343
888,22.77,3094,3085.56004992647
889,22.79,3197,3082.662240070612
890,22.81,3097,3079.755786931598
891,22.83,3057,3076.8407516453763
892,22.85,3065,3073.9171954057865
893,22.87,3013,3070.9851794632477
894,22.89,3094,3068.044765123561
895,22.91,3071,3065.096013746692
896,22.93,3124,3062.138986745511
897,22.95,3088,3059.1737455845896
898,22.97,3058,3056.200351778939
899,22.99,3202,3053.21886689281
900,23.01,2985,3050.229352538481
901,23.03,3100,3047.2318703750097
902,23.05,3134,3044.2264821069966
903,23.07,3051,3041.2132494834095
904,23.09,3058,3038.192234296299
905,23.11,2969,3035.1634983796193
906,23.13,3002,3032.1271036080407
907,23.15,2986,3029.083111895664
908,23.17,3040,3026.0315851948717
909,23.19,3010,3022.972585495043
910,23.21,3048,3019.9061748213953
911,23.23,3021,3016.8324152338027
912,23.25,2946,3013.7513688254703
913,23.27,2916,3010.6630977218574
914,23.29,2987,3007.567664079357
915,23.31,2915,3004.4651300842224
916,23.33,2971,3001.3555579512195
917,23.35,3026,2998.2390099224813
918,23.37,2959,2995.115548266386
919,23.39,2930,2991.98523527623
920,23.41,2927,2988.8481332691354
921,23.43,2919,2985.7043045847486
922,23.45,3011,2982.5538115841346
923,23.47,2933,2979.3967166485836
924,23.49,2929,2976.233082178316
925,23.51,2957,2973.062970591359
926,23.53,2858,2969.88644432245
927,23.55,2809,2966.7035658216937
928,23.57,2861,2963.5143975534493
929,23.59,2874,2960.319001995126
930,23.61,2981,2957.1174416360154
931,23.63,2860,2953.9097789761336
932,23.65,2829,2950.696076524986
933,23.67,2838,2947.476396800401
934,23.69,2867,2944.250802327382
935,23.71,2881,2941.019355636975
936,23.73,2925,2937.782119264898
937,23.75,2820,2934.5391557506546
938,23.77,2834,2931.2905276361334
939,23.79,2848,2928.0362974645195
940,23.81,2781,2924.7765277791887
941,23.83,2779,2921.511281122406
942,23.85,2780,2918.2406200342757
943,23.87,2803,2914.9646070515573
944,23.89,2803,2911.6833047064274
945,23.91,2855,2908.396775525466
946,23.93,2769,2905.10508202832
947,23.95,2721,2901.8082867267203
948,23.97,2801,2898.506452123158
949,23.99,2822,2895.199640709924
950,24.01,2787,2891.887914967755
951,24.03,2796,2888.5713373648596
952,24.05,2690,2885.249970355666
953,24.07,2725,2881.923876379671
954,24.09,2775,2878.593117860366
955,24.11,2828,2875.2577572040764
956,24.13,2687,2871.9178567987447
957,24.15,2654,2868.5734790128918
958,24.17,2716,2865.224686194395
959,24.19,2757,2861.8715406694428
960,24.21,2750,2858.5141047413217
961,24.23,2682,2855.1524406893077
962,24.25,2703,2851.7866107675836
963,24.27,2856,2848.41667720399
964,24.29,2660,2845.04270219907
965,24.31,2717,2841.664747924776
966,24.33,2719,2838.282876523491
967,24.35,2675,2834.897150106737
968,24.37,2659,2831.5076307542695
969,24.39,2684,2828.1143805127886
970,24.41,2635,2824.7174613948837
971,24.43,2740,2821.316935377926
972,24.45,2628,2817.9128644029397
973,24.47,2704,2814.5053103734945
974,24.49,2714,2811.0943351546284
975,24.51,2683,2807.6800005716786
976,24.53,2623,2804.262368409265
977,24.55,2639,2800.8415004101007
978,24.57,2704,2797.417458273884
979,24.59,2629,2793.990303656323
980,24.61,2542,2790.5600981678963
981,24.63,2642,2787.1269033728922
982,24.65,2582,2783.690780788117
983,24.67,2646,2780.251791882065
984,24.69,2566,2776.8099980735797
985,24.71,2647,2773.365460730938
986,24.73,2605,2769.918241170718
987,24.75,2616,2766.4684006566713
988,24.77,2512,2763.016000398671
989,24.79,2599,2759.5611015516206
990,24.81,2556,2756.103765214477
991,24.83,2539,2752.6440524289956
992,24.85,2593,2749.1820241787864
993,24.87,2480,2745.7177413881664
994,24.89,2506,2742.2512649212113
995,24.91,2547,2738.7826555805414
996,24.93,2577,2735.311974106313
997,24.95,2486,2731.83928117519
998,24.97,2544,2728.3646373992988
999,24.99,2447,2724.8881033250173
1000,25.01,2422,2721.4097394320825
1001,25.03,2529,2717.9296061325213
1002,25.05,2525,2714.447763769529
1003,25.07,2518,2710.9642726163847
1004,25.09,2548,2707.479192875505
1005,25.11,2470,2703.9925846773885
1006,25.13,2455,2700.5045080794926
1007,25.15,2460,2697.015023065248
1008,25.17,2495,2693.5241895429926
1009,25.19,2406,2690.032067344967
1010,25.21,2446,2686.538716226223
1011,25.23,2358,2683.044195863714
1012,25.25,2460,2679.548565855035
1013,25.27,2439,2676.0518857176503
1014,25.29,2560,2672.554214887672
1015,25.31,2467,2669.055612718934
1016,25.33,2415,2665.556138481985
1017,25.35,2364,2662.055851362944
1018,25.37,2335,2658.5548104626323
1019,25.39,2423,2655.0530747954763
1020,25.41,2486,2651.5507032884925
1021,25.43,2353,2648.04775478027
1022,25.45,2475,2644.5442880200308
1023,25.47,2435,2641.0403616665308
1024,25.49,2438,2637.53603428713
1025,25.51,2361,2634.0313643566906
1026,25.53,2413,2630.526410256728
1027,25.55,2420,2627.0212302742475
1028,25.57,2426,2623.5158826008865
1029,25.59,2413,2620.010425331807
1030,25.61,2269,2616.504916464799
1031,25.63,2364,2612.9994138991724
1032,25.65,2386,2609.4939754349825
1033,25.67,2382,2605.988658771762
1034,25.69,2486,2602.4835215078037
1035,25.71,2346,2598.978621138973
1036,25.73,2381,2595.47401505786
1037,25.75,2354,2591.9697605527863
1038,25.77,2297,2588.465914806774
1039,25.79,2290,2584.9625348966265
1040,25.81,2332,2581.459677791883
1041,25.83,2433,2577.9574003540592
1042,25.85,2388,2574.4557593353757
1043,25.87,2421,2570.9548113780866
1044,25.89,2336,2567.454613013302
1045,25.91,2343,2563.9552206601884
1046,25.93,2312,2560.456690624903
1047,25.95,2416,2556.9590790997554
1048,25.97,2384,2553.4624421621
1049,25.99,2322,2549.9668357735954
1050,26.01,2376,2546.4723157790104
1051,26.03,2331,2542.9789379055537
1052,26.05,2295,2539.4867577616988
1053,26.07,2269,2535.995830836452
1054,26.09,2308,2532.5062124982524
1055,26.11,2219,2529.0179579940786
1056,26.13,2321,2525.5311224485868
1057,26.15,2186,2522.0457608631177
1058,26.17,2178,2518.5619281148565
1059,26.19,2241,2515.0796789557426
1060,26.21,2191,2511.5990680117766
1061,26.23,2256,2508.1201497819084
1062,26.25,2332,2504.6429786372873
1063,26.27,2301,2501.1676088201148
1064,26.29,2315,2497.694094443059
1065,26.31,2304,2494.2224894880246
1066,26.33,2318,2490.752847805509
1067,26.35,2223,2487.285223113591
1068,26.37,2249,2483.819668996908
1069,26.39,2271,2480.356238906036
1070,26.41,2238,2476.8949861563533
1071,26.43,2265,2473.43596392733
1072,26.45,2269,2469.979225261435
1073,26.47,2294,2466.5248230634234
1074,26.49,2276,2463.0728100994675
1075,26.51,2304,2459.623238996077
1076,26.53,2219,2456.176162239438
1077,26.55,2220,2452.73163217449
1078,26.57,2228,2449.2897010038823
1079,26.59,2278,2445.85042078733
1080,26.61,2254,2442.413843440696
1081,26.63,2213,2438.980020734948
1082,26.65,2199,2435.549004295607
1083,26.67,2181,2432.1208456015383
1084,26.69,2160,2428.695595984438
1085,26.71,2195,2425.273306627698
1086,26.73,2266,2421.854028565761
1087,26.75,2187,2418.4378126831025
1088,26.77,2143,2415.0247097135098
1089,26.79,2186,2411.6147702392373
1090,26.81,2228,2408.20804469005
1091,26.83,2125,2404.8045833425085
1092,26.85,2122,2401.404436319126
1093,26.87,2223,2398.0076535874086
1094,26.89,2251,2394.614284959247
1095,26.91,2151,2391.2243800897786
1096,26.93,2178,2387.837988476973
1097,26.95,2176,2384.4551594604636
1098,26.97,2163,2381.0759422208366
1099,26.99,2180,2377.700385778937
1100,27.01,2144,2374.3285389948433
1101,27.03,2093,2370.960450567255
1102,27.05,2177,2367.5961690325494
1103,27.07,2104,2364.2357427641336
1104,27.09,2152,2360.8792199714017
1105,27.11,2103,2357.5266486991713
1106,27.13,2087,2354.178076826801
1107,27.15,2209,2350.83355206741
1108,27.17,2196,2347.493121966949
1109,27.19,2069,2344.1568339036867
1110,27.21,2144,2340.8247350872625
1111,27.23,2136,2337.496872557869
1112,27.25,2079,2334.173293185586
1113,27.27,2090,2330.8540436694975
1114,27.29,2056,2327.539170537004
1115,27.31,2139,2324.228720143108
1116,27.33,2149,2320.9227386694165
1117,27.35,2102,2317.6212721236634
1118,27.37,2106,2314.32436633873
1119,27.39,2036,2311.0320669720486
1120,27.41,2052,2307.7444195047274
1121,27.43,2005,2304.4614692408686
1122,27.45,2079,2301.1832613068073
1123,27.47,2085,2297.909840650361
1124,27.49,2098,2294.641252040121
1125,27.51,2101,2291.377540064659
1126,27.53,2044,2288.118749131776
1127,27.55,2128,2284.864923467897
1128,27.57,2017,2281.6161071171955
1129,27.59,2104,2278.372343940976
1130,27.61,2042,2275.133677616892
1131,27.63,2087,2271.9001516381686
1132,27.65,2047,2268.6718093131203
1133,27.67,2106,2265.4486937641577
1134,27.69,2023,2262.2308479271696
1135,27.71,2044,2259.018314550939
1136,27.73,2130,2255.8111361962956
1137,27.75,2108,2252.609355235415
1138,27.77,2049,2249.41301385125
1139,27.79,2096,2246.2221540366954
1140,27.81,2059,2243.0368175940057
1141,27.83,2077,2239.8570461339796
1142,27.85,2067,2236.682881075417
1143,27.87,2037,2233.5143636443336
1144,27.89,2095,2230.3515348733727
1145,27.91,2086,2227.194435600989
1146,27.93,2045,2224.04310647091
1147,27.95,2016,2220.8975879314503
1148,27.97,2054,2217.757920234766
1149,27.99,2057,2214.624143436281
1150,28.01,2078,2211.49629739393
1151,28.03,2102,2208.3744217675994
1152,28.05,2022,2205.258556018477
1153,28.07,2021,2202.148739408264
1154,28.09,2066,2199.045010998674
1155,28.11,2095,2195.947409650811
1156,28.13,2116,2192.8559740243
1157,28.15,2098,2189.770742576912
1158,28.17,2077,2186.6917535638686
1159,28.19,2070,2183.619045037056
1160,28.21,2031,2180.5526548445523
1161,28.23,2041,2177.4926206300624
1162,28.25,2132,2174.438979832039
1163,28.27,2016,2171.391769683366
1164,28.29,1986,2168.351027210455
1165,28.31,1970,2165.3167892329857
1166,28.33,2063,2162.289092362902
1167,28.35,2017,2159.2679730041555
1168,28.37,2057,2156.253467351863
1169,28.39,1971,2153.2456113917906
1170,28.41,2038,2150.244440899867
1171,28.43,1988,2147.2499914413856
1172,28.45,1999,2144.262298370637
1173,28.47,2056,2141.281396830146
1174,28.49,1972,2138.3073217501833
1175,28.51,2111,2135.3401078481766
1176,28.53,2012,2132.3797896281303
1177,28.55,1968,2129.4264013800575
1178,28.57,2052,2126.4799771793887
1179,28.59,1987,2123.540550886508
1180,28.61,2016,2120.6081561460396
1181,28.63,2067,2117.6828263863827
1182,28.65,1950,2114.7645948192285
1183,28.67,2028,2111.8534944388266
1184,28.69,1908,2108.949558021608
1185,28.71,2004,2106.0528181255677
1186,28.73,2023,2103.163307089734
1187,28.75,1984,2100.2810570336715
1188,28.77,1970,2097.406099856883
1189,28.79,2031,2094.538467238285
1190,28.81,1924,2091.6781906358183
1191,28.83,1923,2088.8253012857167
1192,28.85,1966,2085.9798302021763
1193,28.87,1979,2083.141808176696
1194,28.89,1890,2080.3112657777183
1195,28.91,1947,2077.488233350002
1196,28.93,1947,2074.6727410140493
1197,28.95,2012,2071.864818665911
1198,28.97,1994,2069.0644959763804
1199,28.99,1964,2066.2718023905927
1200,29.01,1910,2063.486767127659
1201,29.03,1919,2060.7094191800215
1202,29.05,1929,2057.9397873129265
1203,29.07,1919,2055.177900064302
1204,29.09,1978,2052.423785743841
1205,29.11,1958,2049.6774724328006
1206,29.13,1871,2046.9389879833816
1207,29.15,1952,2044.2083600184515
1208,29.17,1955,2041.4856159309275
1209,29.19,1925,2038.770782883391
1210,29.21,1869,2036.0638878076115
1211,29.23,2003,2033.3649574040992
1212,29.25,1877,2030.6740181415635
1213,29.27,1995,2027.9910962568183
1214,29.29,1957,2025.3162177538634
1215,29.31,1990,2022.6494084038213
1216,29.33,1897,2019.990693744352
1217,29.35,1900,2017.3400990791579
1218,29.37,2009,2014.6976494778573
1219,29.39,1950,2012.0633697751682
1220,29.41,1866,2009.4372845707758
1221,29.43,1932,2006.8194182288307
1222,29.45,1969,2004.2097948774917
1223,29.47,1902,2001.6084384086653
1224,29.49,1981,1999.0153724775082
1225,29.51,1904,1996.4306205019939
1226,29.53,1929,1993.8542056625483
1227,29.55,1868,1991.2861509017594
1228,29.57,1981,1988.7264789238861
1229,29.59,1911,1986.17521219451
1230,29.61,1939,1983.632372940152
1231,29.63,1981,1981.0979831478717
1232,29.65,1904,1978.5720645650135
1233,29.67,1942,1976.054638698717
1234,29.69,1947,1973.545726815587
1235,29.71,1961,1971.0453499414334
1236,29.73,1941,1968.5535288606643
1237,29.75,1840,1966.0702841162602
1238,29.77,1887,1963.5956360091996
1239,29.79,1933,1961.1296045983054
1240,29.81,1926,1958.6722096996527
1241,29.83,1939,1956.2234708864953
1242,29.85,1928,1953.783407488646
1243,29.87,1936,1951.352038592523
1244,29.89,1920,1948.9293830406095
1245,29.91,1968,1946.5154594309752
1246,29.93,1822,1944.110286117385
1247,29.95,1905,1941.7138812085468
1248,29.97,1945,1939.3262625680945
1249,29.99,1954,1936.9474478142693
1250,30.01,1917,1934.5774543193966
1251,30.03,1929,1932.2162992098974
1252,30.05,1879,1929.8639993656834
1253,30.07,1963,1927.5205714202202
1254,30.09,1875,1925.1860317599494
1255,30.11,1892,1922.860396524141
1256,30.13,1962,1920.5436816046094
1257,30.15,1804,1918.2359026454424
1258,30.17,1892,1915.9370750427233
1259,30.19,1963,1913.6472139442412
1260,30.21,1904,1911.3663342493783
1261,30.23,1921,1909.0944506086053
1262,30.25,1818,1906.8315774234443
1263,30.27,1879,1904.577728846205
1264,30.29,1874,1902.3329187795334
1265,30.31,1884,1900.0971608765012
1266,30.33,1883,1897.8704685402017
1267,30.35,1911,1895.6528549233299
1268,30.37,1843,1893.4443329284113
1269,30.39,1841,1891.244915207114
1270,30.41,1909,1889.0546141603118
1271,30.43,1882,1886.8734419379089
1272,30.45,1914,1884.7014104383707
1273,30.47,1807,1882.5385313087454
1274,30.49,1920,1880.384815944406
1275,30.51,1864,1878.2402754887635
1276,30.53,1834,1876.1049208332997
1277,30.55,1934,1873.9787626171637
1278,30.57,1867,1871.8618112269169
1279,30.59,1873,1869.7540767968012
1280,30.61,1854,1867.6555692079755
1281,30.63,1989,1865.5662980887882
1282,30.65,1900,1863.4862728143826
1283,30.67,1867,1861.4155025067366
1284,30.69,1907,1859.3539960342569
1285,30.71,1901,1857.3017620118144
1286,30.73,1841,1855.258808800424
1287,30.75,1874,1853.2251445072852
1288,30.77,1819,1851.200776985609
1289,30.79,1779,1849.1857138344103
1290,30.81,1896,1847.1799623982852
1291,30.83,1992,1845.1835297675716
1292,30.85,1882,1843.196422777878
1293,30.87,1865,1841.2186480102991
1294,30.89,1914,1839.25021179112
1295,30.91,1871,1837.2911201916377
1296,30.93,1902,1835.3413790281957
1297,30.95,1951,1833.4009938620475
1298,30.97,1953,1831.469969999328
1299,30.99,1901,1829.5483124907832
1300,31.01,1967,1827.6360261317031
1301,31.03,1912,1825.7331154621224
1302,31.05,1816,1823.839584766407
1303,31.07,1891,1821.9554380732561
1304,31.09,1965,1820.0806791558998
1305,31.11,1943,1818.2153115315468
1306,31.13,1877,1816.359338461768
1307,31.15,1950,1814.512762952213
1308,31.17,1950,1812.6755877526139
1309,31.19,2006,1810.8478153567612
1310,31.21,1932,1809.0294480024113
1311,31.23,1989,1807.2204876712722
1312,31.25,2015,1805.4209360888426
1313,31.27,1954,1803.6307947247624
1314,31.29,1978,1801.8500647923256
1315,31.31,1977,1800.0787472486963
1316,31.33,1911,1798.3168427949267
1317,31.35,1888,1796.5643518757315
1318,31.37,1957,1794.821274679848
1319,31.39,2002,1793.0876111396665
1320,31.41,1891,1791.3633609313274
1321,31.43,2005,1789.6485234749425
1322,31.45,1951,1787.9430979342114
1323,31.47,1952,1786.2470832168929
1324,31.49,1955,1784.5604779743826
1325,31.51,1923,1782.8832806022629
1326,31.53,1963,1781.2154892396702
1327,31.55,1882,1779.557101769824
1328,31.57,1958,1777.9081158199542
1329,31.59,1860,1776.2685287612521
1330,31.61,1879,1774.638337709035
1331,31.63,1884,1773.0175395226543
1332,31.65,1878,1771.4061308057398
1333,31.67,1935,1769.8041079058994
1334,31.69,1932,1768.2114669155317
1335,31.71,1834,1766.6282036708917
1336,31.73,1816,1765.0543137529867
1337,31.75,1804,1763.4897924872093
1338,31.77,1885,1761.9346349435882
1339,31.79,1914,1760.3888359369503
1340,31.81,1799,1758.8523900268538
1341,31.83,1894,1757.325291517689
1342,31.85,1914,1755.8075344589197
1343,31.87,1821,1754.2991126450152
1344,31.89,1867,1752.8000196157855
1345,31.91,1834,1751.3102486563903
1346,31.93,1823,1749.8297927971598
1347,31.95,1857,1748.3586448144797
1348,31.97,1857,1746.8967972299952
1349,31.99,1872,1745.4442423115706
1350,32.01,1855,1744.000972072794
1351,32.03,1862,1742.5669782734303
1352,32.05,1825,1741.142252419796
1353,32.07,1828,1739.7267857642219
1354,32.09,1798,1738.3205693060618
1355,32.11,1768,1736.9235937911562
1356,32.13,1806,1735.5358497124653
1357,32.15,1765,1734.1573273098866
1358,32.17,1869,1732.788016570803
1359,32.19,1876,1731.4279072299378
1360,32.21,1801,1730.0769887698189
1361,32.23,1831,1728.7352504206547
1362,32.25,1856,1727.4026811609801
1363,32.27,1778,1726.079269717231
1364,32.29,1863,1724.7650045647251
1365,32.31,1857,1723.459873927126
1366,32.33,1849,1722.1638657773265
1367,32.35,1828,1720.8769678370572
1368,32.37,1949,1719.599167577635
1369,32.39,1800,1718.3304522197222
1370,32.41,1857,1717.0708087341545
1371,32.43,1830,1715.8202238414979
1372,32.45,1781,1714.5786840130204
1373,32.47,1868,1713.346175470172
1374,32.49,1914,1712.1226841854386
1375,32.51,1778,1710.9081958825745
1376,32.53,1829,1709.7026960362991
1377,32.55,1786,1708.5061698733207
1378,32.57,1838,1707.3186023721455
1379,32.59,1872,1706.139978263377
1380,32.61,1811,1704.9702820303582
1381,32.63,1891,1703.8094979089992
1382,32.65,1935,1702.6576098884125
1383,32.67,1770,1701.514601711022
1384,32.69,1838,1700.3804568729838
1385,32.71,1846,1699.2551586244645
1386,32.73,1888,1698.1386899698718
1387,32.75,1892,1697.031033668517
1388,32.77,1842,1695.932172234271
1389,32.79,1838,1694.8420879367532
1390,32.81,1858,1693.7607628009864
1391,32.83,1793,1692.6881786080412
1392,32.85,1906,1691.6243168952215
1393,32.87,1828,1690.5691589567805
1394,32.89,1801,1689.522685843769
1395,32.91,1824,1688.4848783648495
1396,32.93,1824,1687.4557170864
1397,32.95,1814,1686.4351823328134
1398,32.97,1851,1685.4232541873353
1399,32.99,1825,1684.419912491885
1400,33.01,1868,1683.4251368478172
1401,33.03,1855,1682.438906616112
1402,33.05,1887,1681.4612009180573
1403,33.07,1802,1680.4919986351597
1404,33.09,1851,1679.5312784100097
1405,33.11,1854,1678.579018646814
1406,33.13,1817,1677.635197510922
1407,33.15,1823,1676.6997929304544
1408,33.17,1857,1675.7727825958846
1409,33.19,1819,1674.8541439608198
1410,33.21,1891,1673.9438542422831
1411,33.23,1775,1673.0418904213311
1412,33.25,1861,1672.1482292434666
1413,33.27,1737,1671.2628472189172
1414,33.29,1811,1670.3857206232688
1415,33.31,1799,1669.5168254980244
1416,33.33,1863,1668.6561376508544
1417,33.35,1782,1667.8036326561496
1418,33.37,1841,1666.959285855467
1419,33.39,1875,1666.1230723582676
1420,33.41,1803,1665.2949670421585
1421,33.43,1862,1664.474944553319
1422,33.45,1837,1663.6629793074153
1423,33.47,1834,1662.8590454894202
1424,33.49,1838,1662.0631170549732
1425,33.51,1736,1661.275167730315
1426,33.53,1769,1660.495171012979
1427,33.55,1855,1659.723100172263
1428,33.57,1852,1658.958928249931
1429,33.59,1852,1658.2026280604941
1430,33.61,1786,1657.4541721921032
1431,33.63,1794,1656.7135330069204
1432,33.65,1811,1655.9806826414206
1433,33.67,1767,1655.255593007524
1434,33.69,1857,1654.5382357926528
1435,33.71,1852,1653.8285824604636
1436,33.73,1761,1653.1266042517
1437,33.75,1792,1652.4322721843337
1438,33.77,1773,1651.7455570544025
1439,33.79,1764,1651.0664294367389
1440,33.81,1761,1650.3948596851988
1441,33.83,1809,1649.7308179335832
1442,33.85,1842,1649.0742740961714
1443,33.87,1789,1648.425197868286
1444,33.89,1778,1647.7835587268764
1445,33.91,1815,1647.149325931322
1446,33.93,1795,1646.5224685239482
1447,33.95,1830,1645.902955330711
1448,33.97,1826,1645.290754961713
1449,33.99,1738,1644.685835812109
1450,34.01,1857,1644.0881660624473
1451,34.03,1780,1643.4977136796342
1452,34.05,1793,1642.9144464174715
1453,34.07,1769,1642.3383318173037
1454,34.09,1836,1641.769337208576
1455,34.11,1795,1641.2074297099743
1456,34.13,1852,1640.652576229606
1457,34.15,1889,1640.1047434657949
1458,34.17,1868,1639.5638979082305
1459,34.19,1856,1639.0300058380135
1460,34.21,1803,1638.5030333288196
1461,34.23,1812,1637.9829462476446
1462,34.25,1758,1637.4697102550117
1463,34.27,1833,1636.9632908064277
1464,34.29,1840,1636.4636531525384
1465,34.31,1712,1635.9707623401591
1466,34.33,1805,1635.4845832130131
1467,34.35,1881,1635.0050804122775
1468,34.37,1819,1634.5322183776752
1469,34.39,1813,1634.065961347922
1470,34.41,1814,1633.6062733616336
1471,34.43,1768,1633.153118258173
1472,34.45,1762,1632.7064596782984
1473,34.47,1785,1632.266261064994
1474,34.49,1814,1631.8324856642985
1475,34.51,1782,1631.405096526144
1476,34.53,1818,1630.9840565050426
1477,34.55,1795,1630.5693282609636
1478,34.57,1740,1630.1608742601093
1479,34.59,1775,1629.7586567757826
1480,34.61,1814,1629.3626378892723
1481,34.63,1791,1628.9727794905712
1482,34.65,1754,1628.589043279092
1483,34.67,1772,1628.2113907650692
1484,34.69,1782,1627.8397832695264
1485,34.71,1799,1627.4741819260744
1486,34.73,1784,1627.114547681177
1487,34.75,1762,1626.760841294914
1488,34.77,1772,1626.4130233424958
1489,34.79,1819,1626.0710542144943
1490,34.81,1811,1625.7348941181308
1491,34.83,1788,1625.40450307817
1492,34.85,1774,1625.0798409371537
1493,34.87,1751,1624.7608673574623
1494,34.89,1826,1624.447541821074
1495,34.91,1811,1624.1398236313062
1496,34.93,1717,1623.837671913473
1497,34.95,1771,1623.5410456154204
1498,34.97,1736,1623.2499035092032
1499,34.99,1791,1622.9642041913157
1500,35.01,1767,1622.683906084224
1501,35.03,1813,1622.408967436776
1502,35.05,1725,1622.1393463255872
1503,35.07,1781,1621.8750006558375
1504,35.09,1808,1621.6158881620095
1505,35.11,1754,1621.361966409485
1506,35.13,1803,1621.1131927949236
1507,35.15,1781,1620.8695245473864
1508,35.17,1781,1620.63091872955
1509,35.19,1788,1620.3973322385318
1510,35.21,1714,1620.1687218067127
1511,35.23,1830,1619.945044003357
1512,35.25,1758,1619.7262552350585
1513,35.27,1787,1619.5123117466292
1514,35.29,1702,1619.30316962289
1515,35.31,1809,1619.098784788881
1516,35.33,1726,1618.8991130117265
1517,35.35,1837,1618.70410990063
1518,35.37,1713,1618.5137309091888
1519,35.39,1713,1618.3279313349776
1520,35.41,1768,1618.1466663222564
1521,35.43,1713,1617.9698908617856
1522,35.45,1691,1617.797559792196
1523,35.47,1798,1617.6296278016334
1524,35.49,1675,1617.4660494280251
1525,35.51,1775,1617.3067790607038
1526,35.53,1802,1617.1517709414775
1527,35.55,1806,1617.0009791655275
1528,35.57,1799,1616.854357682575
1529,35.59,1683,1616.7118602983246
1530,35.61,1857,1616.573440674917
1531,35.63,1760,1616.4390523328357
1532,35.65,1737,1616.3086486515322
1533,35.67,1727,1616.182182870597
1534,35.69,1785,1616.0596080913265
1535,35.71,1808,1615.9408772771194
1536,35.73,1670,1615.825943255716
1537,35.75,1758,1615.7147587193358
1538,35.77,1747,1615.6072762263611
1539,35.79,1733,1615.503448202454
1540,35.81,1720,1615.403226941714
1541,35.83,1753,1615.3065646079313
1542,35.85,1727,1615.2134132357287
1543,35.87,1740,1615.123724731794
1544,35.89,1661,1615.037450875996
1545,35.91,1740,1614.9545433227577
1546,35.93,1789,1614.8749536020823
1547,35.95,1727,1614.7986331214033
1548,35.97,1732,1614.725533165606
1549,35.99,1642,1614.6556048996335
1550,36.01,1730,1614.588799368743
1551,36.03,1676,1614.5250675002653
1552,36.05,1712,1614.46436010469
1553,36.07,1696,1614.406627877056
1554,36.09,1762,1614.3518213980442
1555,36.11,1734,1614.2998911355799
1556,36.13,1677,1614.2507874456733
1557,36.15,1708,1614.204460573852
1558,36.17,1669,1614.1608606570335
1559,36.19,1731,1614.1199377239818
1560,36.21,1720,1614.0816416972084
1561,36.23,1742,1614.0459223939306
1562,36.25,1706,1614.0127295275997
1563,36.27,1724,1613.9820127093299
1564,36.29,1700,1613.9537214489164
1565,36.31,1703,1613.9278051565543
1566,36.33,1708,1613.9042131439119
1567,36.35,1705,1613.8828946254225
1568,36.37,1748,1613.8637987202947
1569,36.39,1699,1613.846874453021
1570,36.41,1739,1613.8320707550438
1571,36.43,1764,1613.8193364666513
1572,36.45,1718,1613.8086203376906
1573,36.47,1742,1613.7998710293123
1574,36.49,1690,1613.7930371152916
1575,36.51,1706,1613.7880670833483
1576,36.53,1610,1613.7849093369214
1577,36.55,1735,1613.7835121961116
1578,36.57,1738,1613.7838238993718
1579,36.59,1686,1613.785792605032
1580,36.61,1665,1613.7893663925124
1581,36.63,1736,1613.7944932640257
1582,36.65,1700,1613.801121145677
1583,36.67,1627,1613.8091978893535
1584,36.69,1632,1613.818671273969
1585,36.71,1760,1613.8294890068128
1586,36.73,1727,1613.8415987253657
1587,36.75,1684,1613.854947998615
1588,36.77,1776,1613.8694843282237
1589,36.79,1634,1613.885155150845
1590,36.81,1698,1613.9019078388883
1591,36.83,1672,1613.9196897021393
1592,36.85,1594,1613.938447989729
1593,36.87,1696,1613.9581298913827
1594,36.89,1639,1613.9786825386082
1595,36.91,1594,1614.0000530069792
1596,36.93,1704,1614.0221883170298
1597,36.95,1698,1614.045035436242
1598,36.97,1657,1614.0685412802786
1599,36.99,1671,1614.0926527148122
1600,37.01,1685,1614.1173165568835
1601,37.03,1658,1614.1424795768326
1602,37.05,1689,1614.1680884995367
1603,37.07,1642,1614.1940900059762
1604,37.09,1604,1614.2204307354232
1605,37.11,1632,1614.2470572860702
1606,37.13,1632,1614.273916217645
1607,37.15,1627,1614.3009540523171
1608,37.17,1613,1614.3281172768475
1609,37.19,1648,1614.355352343904
1610,37.21,1691,1614.3826056735843
1611,37.23,1676,1614.4098236556365
1612,37.25,1647,1614.4369526504597
1613,37.27,1674,1614.4639389910371
1614,37.29,1638,1614.4907289848652
1615,37.31,1628,1614.5172689153696
1616,37.33,1702,1614.543505043389
1617,37.35,1615,1614.5693836093033
1618,37.37,1706,1614.5948508345264
1619,37.39,1705,1614.6198529230878
1620,37.41,1609,1614.6443360636422
1621,37.43,1630,1614.6682464308396
1622,37.45,1667,1614.6915301874633
1623,37.47,1644,1614.714133485697
1624,37.49,1587,1614.736002469138
1625,37.51,1661,1614.7570832748052
1626,37.53,1608,1614.7773220341842
1627,37.55,1647,1614.796664875652
1628,37.57,1581,1614.8150579259973
1629,37.59,1634,1614.8324473119264
1630,37.61,1600,1614.8487791626303
1631,37.63,1610,1614.8639996105994
1632,37.65,1682,1614.8780547940423
1633,37.67,1671,1614.8908908584262
1634,37.69,1710,1614.902453958579
1635,37.71,1682,1614.9126902602384
1636,37.73,1657,1614.9215459418392
1637,37.75,1733,1614.928967196538
1638,37.77,1578,1614.9349002338477
1639,37.79,1664,1614.9392912820813
1640,37.81,1620,1614.942086588967
1641,37.83,1589,1614.9432324248655
1642,37.85,1606,1614.9426750839648
1643,37.87,1578,1614.9403608858174
1644,37.89,1667,1614.9362361780431
1645,37.91,1625,1614.930247337621
1646,37.93,1615,1614.9223407731306
1647,37.95,1582,1614.9124629262296
1648,37.97,1630,1614.9005602739999
1649,37.99,1594,1614.8865793307095
1650,38.01,1714,1614.8704666496333
1651,38.03,1633,1614.852168824903
1652,38.05,1672,1614.8316324940479
1653,38.07,1647,1614.8088043388716
1654,38.09,1627,1614.7836310885705
1655,38.11,1721,1614.7560595209543
1656,38.13,1629,1614.726036464438
1657,38.15,1569,1614.693508800413
1658,38.17,1661,1614.658423464858
1659,38.19,1573,1614.6207274504468
1660,38.21,1620,1614.5803678087404
1661,38.23,1579,1614.537291651749
1662,38.25,1634,1614.4914461542921
1663,38.27,1556,1614.4427785559174
1664,38.29,1653,1614.3912361630146
1665,38.31,1640,1614.3367663506606
1666,38.33,1595,1614.2793165646062
1667,38.35,1631,1614.2188343237976
1668,38.37,1589,1614.1552672218704
1669,38.39,1639,1614.088562929357
1670,38.41,1553,1614.0186691960525
1671,38.43,1573,1613.945533852766
1672,38.45,1562,1613.869104813386
1673,38.47,1644,1613.789330077252
1674,38.49,1548,1613.7061577308168
1675,38.51,1579,1613.6195359503954
1676,38.53,1676,1613.5294130037773
1677,38.55,1477,1613.4357372520572
1678,38.57,1641,1613.3384571527085
1679,38.59,1563,1613.2375212608003
1680,38.61,1567,1613.132878231646
1681,38.63,1625,1613.0244768227476
1682,38.65,1548,1612.9122658960932
1683,38.67,1599,1612.796194420186
1684,38.69,1655,1612.6762114722133
1685,38.71,1534,1612.5522662402818
1686,38.73,1523,1612.4243080256465
1687,38.75,1514,1612.2922862447658
1688,38.77,1637,1612.1561504316815
1689,38.79,1560,1612.0158502398745
1690,38.81,1527,1611.8713354449974
1691,38.83,1542,1611.7225559467752
1692,38.85,1509,1611.5694617710305
1693,38.87,1530,1611.4120030723925
1694,38.89,1578,1611.2501301363336
1695,38.91,1575,1611.0837933812354
1696,38.93,1513,1610.9129433608214
1697,38.95,1586,1610.7375307668035
1698,38.97,1558,1610.5575064300365
1699,38.99,1529,1610.372821323942
1700,39.01,1548,1610.1834265666075
1701,39.03,1527,1609.9892734222467
1702,39.05,1595,1609.7903133045738
1703,39.07,1603,1609.586497778604
1704,39.09,1500,1609.3777785626253
1705,39.11,1531,1609.164107531341
1706,39.13,1563,1608.9454367176477
1707,39.15,1556,1608.7217183148596
1708,39.17,1566,1608.4929046797342
1709,39.19,1539,1608.2589483338206
1710,39.21,1626,1608.0198019668132
1711,39.23,1558,1607.7754184383411
1712,39.25,1476,1607.5257507805673
1713,39.27,1537,1607.2707522003238
1714,39.29,1491,1607.0103760819256
1715,39.31,1588,1606.744575989107
1716,39.33,1535,1606.4733056678924
1717,39.35,1523,1606.1965190484734
1718,39.37,1567,1605.9141702481202
1719,39.39,1467,1605.6262135734096
1720,39.41,1571,1605.3326035227228
1721,39.43,1519,1605.0332947885354
1722,39.45,1551,1604.7282422598864
1723,39.47,1527,1604.4174010252627
1724,39.49,1503,1604.100726374294
1725,39.51,1463,1603.7781738011472
1726,39.53,1544,1603.4496990062207
1727,39.55,1502,1603.115257899036
1728,39.57,1452,1602.7748066008053
1729,39.59,1519,1602.4283014462098
1730,39.61,1425,1602.0756989874008
1731,39.63,1504,1601.7169559947579
1732,39.65,1507,1601.352029461009
1733,39.67,1499,1600.9808766024626
1734,39.69,1477,1600.603454862323
1735,39.71,1485,1600.2197219131476
1736,39.73,1541,1599.8296356592891
1737,39.75,1499,1599.433154239343
1738,39.77,1468,1599.0302360291062
1739,39.79,1519,1598.6208396434276
1740,39.81,1508,1598.2049239400349
1741,39.83,1468,1597.782448020792
1742,39.85,1418,1597.3533712350418
1743,39.87,1507,1596.9176531823996
1744,39.89,1388,1596.4752537147651
1745,39.91,1474,1596.026132939288
1746,39.93,1542,1595.5702512210828
1747,39.95,1428,1595.107569185623
1748,39.97,1483,1594.6380477217854
1749,39.99,1475,1594.1616479839286
1750,40.01,1439,1593.6783313953074
1751,40.03,1461,1593.1880596500887
1752,40.05,1551,1592.6907947163745
1753,40.07,1502,1592.1864988387742
1754,40.09,1527,1591.6751345412586
1755,40.11,1502,1591.1566646294905
1756,40.13,1423,1590.6310521943915
1757,40.15,1490,1590.0982606137532
1758,40.17,1568,1589.5582535558733
1759,40.19,1385,1589.0109949816206
1760,40.21,1403,1588.4564491476294
1761,40.23,1482,1587.8945806091588
1762,40.25,1446,1587.3253542222756
1763,40.27,1469,1586.748735147491
1764,40.29,1450,1586.1646888512314
1765,40.31,1432,1585.5731811104042
1766,40.33,1486,1584.97417801342
1767,40.35,1466,1584.367645964122
1768,40.37,1483,1583.7535516845219
1769,40.39,1464,1583.131862216931
1770,40.41,1432,1582.5025449275845
1771,40.43,1430,1581.865567509043
1772,40.45,1423,1581.220897982963
1773,40.47,1464,1580.5685047034522
1774,40.49,1493,1579.9083563593995
1775,40.51,1411,1579.240421977378
1776,40.53,1458,1578.5646709252296
1777,40.55,1447,1577.8810729137076
1778,40.57,1472,1577.189598000633
1779,40.59,1438,1576.4902165929643
1780,40.61,1408,1575.782899450126
1781,40.63,1416,1575.0676176867455
1782,40.65,1473,1574.3443427755192
1783,40.67,1422,1573.613046550534
1784,40.69,1353,1572.8737012096044
1785,40.71,1476,1572.1262793175174
1786,40.73,1395,1571.3707538093622
1787,40.75,1467,1570.60709799306
1788,40.77,1406,1569.8352855521198
1789,40.79,1390,1569.055290549346
1790,40.81,1432,1568.2670874291525
1791,40.83,1508,1567.4706510210171
1792,40.85,1399,1566.665956542056
1793,40.87,1447,1565.852979600665
1794,40.89,1474,1565.0316961987855
1795,40.91,1377,1564.2020827354681
1796,40.93,1442,1563.3641160099087
1797,40.95,1403,1562.517773224169
1798,40.97,1446,1561.6630319865526
1799,40.99,1512,1560.7998703144258
1800,41.01,1449,1559.928266637552
1801,41.03,1384,1559.0481998008972
1802,41.05,1399,1558.1596490676966
1803,41.07,1554,1557.2625941232081
1804,41.09,1405,1556.3570150769283
1805,41.11,1407,1555.4428924659733
1806,41.13,1405,1554.5202072592156
1807,41.15,1482,1553.588940857985
1808,41.17,1438,1552.649075102172
1809,41.19,1351,1551.7005922713888
1810,41.21,1372,1550.743475088655
1811,41.23,1392,1549.7777067237766
1812,41.25,1342,1548.803270796112
1813,41.27,1362,1547.8201513782406
1814,41.29,1431,1546.8283329988753
1815,41.31,1407,1545.827800645955
1816,41.33,1396,1544.8185397700672
1817,41.35,1475,1543.8005362875438
1818,41.37,1427,1542.7737765836564
1819,41.39,1375,1541.7382475164386
1820,41.41,1418,1540.693936418521
1821,41.43,1388,1539.6408311018831
1822,41.45,1415,1538.5789198604361
1823,41.47,1345,1537.508191473199
1824,41.49,1419,1536.428635207756
1825,41.51,1383,1535.3402408235943
1826,41.53,1336,1534.2429985752115
1827,41.55,1344,1533.1368992155021
1828,41.57,1432,1532.0219339991017
1829,41.59,1389,1530.8980946858837
1830,41.61,1338,1529.765373543547
1831,41.63,1412,1528.6237633522023
1832,41.65,1364,1527.4732574063692
1833,41.67,1376,1526.3138495191297
1834,41.69,1345,1525.145534025727
1835,41.71,1375,1523.9683057856892
1836,41.73,1373,1522.7821601879004
1837,41.75,1409,1521.587093152466
1838,41.77,1420,1520.3831011353468
1839,41.79,1363,1519.1701811303346
1840,41.81,1355,1517.948330674175
1841,41.83,1371,1516.7175478487497
1842,41.85,1354,1515.4778312847357
1843,41.87,1382,1514.2291801652236
1844,41.89,1432,1512.9715942295124
1845,41.91,1392,1511.7050737756308
1846,41.93,1454,1510.4296196645846
1847,41.95,1384,1509.1452333233838
1848,41.97,1404,1507.8519167490203
1849,41.99,1368,1506.5496725116345
1850,42.01,1378,1505.2385037575623
1851,42.03,1412,1503.9184142139538
1852,42.05,1374,1502.5894081911529
1853,42.07,1427,1501.2514905866774
1854,42.09,1373,1499.904666889518
1855,42.11,1372,1498.5489431818478
1856,42.13,1409,1497.1843261444856
1857,42.15,1332,1495.8108230592434
1858,42.17,1355,1494.428441813171
1859,42.19,1370,1493.0371909014539
1860,42.21,1355,1491.6370794315935
1861,42.23,1302,1490.2281171269906
1862,42.25,1408,1488.8103143300623
1863,42.27,1309,1487.3836820059132
1864,42.29,1387,1485.9482317469137
1865,42.31,1284,1484.5039757749882
1866,42.33,1339,1483.050926945949
1867,42.35,1377,1481.5890987531711
1868,42.37,1266,1480.11850533095
1869,42.39,1369,1478.6391614586246
1870,42.41,1374,1477.1510825637924
1871,42.43,1350,1475.6542847256815
1872,42.45,1370,1474.1487846803584
1873,42.47,1386,1472.6345998224788
1874,42.49,1316,1471.1117482102482
1875,42.51,1322,1469.5802485687227
1876,42.53,1392,1468.040120293559
1877,42.55,1282,1466.4913834550034
1878,42.57,1336,1464.93405880102
1879,42.59,1340,1463.3681677619497
1880,42.61,1328,1461.7937324532677
1881,42.63,1309,1460.2107756799724
1882,42.65,1304,1458.6193209402427
1883,42.67,1337,1457.0193924295218
1884,42.69,1246,1455.411015043548
1885,42.71,1249,1453.7942143828814
1886,42.73,1319,1452.1690167563147
1887,42.75,1302,1450.5354491850803
1888,42.77,1332,1448.8935394056762
1889,42.79,1305,1447.243315875684
1890,42.81,1353,1445.584807775249
1891,42.83,1337,1443.9180450128952
1892,42.85,1380,1442.2430582278002
1893,42.87,1287,1440.5598787953377
1894,42.89,1346,1438.8685388292479
1895,42.91,1337,1437.1690711870378
1896,42.93,1418,1435.4615094727105
1897,42.95,1259,1433.7458880414551
1898,42.97,1356,1432.0222420028622
1899,42.99,1324,1430.2906072260857
1900,43.01,1276,1428.551020342171
1901,43.03,1316,1426.8035187490568
1902,43.05,1337,1425.0481406154267
1903,43.07,1342,1423.2849248843822
1904,43.09,1322,1421.5139112776706
1905,43.11,1351,1419.7351402991817
1906,43.13,1286,1417.948653239926
1907,43.15,1390,1416.154492181201
1908,43.17,1355,1414.3526999983196
1909,43.19,1348,1412.543320365602
1910,43.21,1332,1410.726397760368
1911,43.23,1296,1408.9019774656454
1912,43.25,1368,1407.0701055756308
1913,43.27,1343,1405.2308289992561
1914,43.29,1267,1403.3841954640739
1915,43.31,1388,1401.530253520552
1916,43.33,1338,1399.6690525461663
1917,43.35,1299,1397.8006427493474
1918,43.37,1315,1395.9250751737818
1919,43.39,1254,1394.042401702036
1920,43.41,1298,1392.1526750605299
1921,43.43,1313,1390.2559488228708
1922,43.45,1330,1388.3522774147823
1923,43.47,1260,1386.4417161166111
1924,43.49,1324,1384.524321070191
1925,43.51,1320,1382.600149280307
1926,43.53,1448,1380.669258620721
1927,43.55,1309,1378.7317078369706
1928,43.57,1268,1376.7875565522754
1929,43.59,1340,1374.8368652696936
1930,43.61,1287,1372.8796953778456
1931,43.63,1358,1370.9161091546812
1932,43.65,1275,1368.9461697718398
1933,43.67,1321,1366.9699412981718
1934,43.69,1357,1364.9874887049227
1935,43.71,1296,1362.998877869939
1936,43.73,1341,1361.0041755811471
1937,43.75,1287,1359.0034495415111
1938,43.77,1258,1356.9967683730247
1939,43.79,1259,1354.9842016210623
1940,43.81,1311,1352.965819759078
1941,43.83,1321,1350.9416941920135
1942,43.85,1279,1348.9118972618217
1943,43.87,1306,1346.8765022505613
1944,43.89,1281,1344.8355833854512
1945,43.91,1244,1342.7892158436225
1946,43.93,1223,1340.7374757552734
1947,43.95,1280,1338.6804402092203
1948,43.97,1287,1336.6181872566049
1949,43.99,1232,1334.5507959153801
1950,44.01,1219,1332.4783461751795
1951,44.03,1381,1330.400919000691
1952,44.05,1328,1328.3185963374162
1953,44.07,1325,1326.2314611150869
1954,44.09,1320,1324.1395972523133
1955,44.11,1283,1322.0430896614143
1956,44.13,1318,1319.9420242524575
1957,44.15,1335,1317.836487937935
1958,44.17,1305,1315.7265686374267
1959,44.19,1300,1313.6123552809677
1960,44.21,1280,1311.4939378156541
1961,44.23,1313,1309.3714072079238
1962,44.25,1351,1307.2448554495913
1963,44.27,1277,1305.1143755616267
1964,44.29,1451,1302.980061598746
1965,44.31,1357,1300.842008654754
1966,44.33,1268,1298.7003128652595
1967,44.35,1287,1296.5550714145738
1968,44.37,1318,1294.4063825385729
1969,44.39,1321,1292.254345529931
1970,44.41,1318,1290.0990607429467
1971,44.43,1290,1287.940629596911
1972,44.45,1338,1285.779154582644
1973,44.47,1366,1283.6147392656276
1974,44.49,1251,1281.447488290576
1975,44.51,1336,1279.2775073877692
1976,44.53,1393,1277.1049033754134
1977,44.55,1310,1274.9297841659845
1978,44.57,1349,1272.752258770386
1979,44.59,1388,1270.5724373017529
1980,44.61,1305,1268.390430982021
1981,44.63,1342,1266.2063521449236
1982,44.65,1309,1264.0203142413502
1983,44.67,1317,1261.8324318442392
1984,44.69,1306,1259.6428206525852
1985,44.71,1329,1257.4515974971855
1986,44.73,1308,1255.2588803450744
1987,44.75,1326,1253.0647883030106
1988,44.77,1249,1250.8694416247872
1989,44.79,1262,1248.6729617132296
1990,44.81,1273,1246.4754711270325
1991,44.83,1297,1244.2770935842218
1992,44.85,1375,1242.0779539680334
1993,44.87,1271,1239.8781783310878
1994,44.89,1276,1237.6778939003489
1995,44.91,1329,1235.477229081609
1996,44.93,1269,1233.2763134653305
1997,44.95,1215,1231.0752778300503
1998,44.97,1252,1228.8742541485226
1999,44.99,1240,1226.673375592094
2000,45.01,1298,1224.4727765353018
2001,45.03,1228,1222.2725925615941
2002,45.05,1252,1220.0729604668286
2003,45.07,1269,1217.8740182659185
2004,45.09,1214,1215.6759051962326
2005,45.11,1239,1213.4787617233233
2006,45.13,1277,1211.2827295463194
2007,45.15,1265,1209.0879516009536
2008,45.17,1253,1206.8945720670981
2009,45.19,1207,1204.7027363717007
2010,45.21,1228,1202.5125911948344
2011,45.23,1249,1200.324284474531
2012,45.25,1251,1198.1379654110478
2013,45.27,1245,1195.9537844732731
2014,45.29,1247,1193.771893402014
2015,45.31,1244,1191.592445216691
2016,45.33,1207,1189.415594219432
2017,45.35,1198,1187.2414959996167
2018,45.37,1231,1185.070307440932
2019,45.39,1188,1182.902186724199
2020,45.41,1190,1180.7372933334318
2021,45.43,1235,1178.57578806128
2022,45.45,1227,1176.4178330134127
2023,45.47,1227,1174.2635916140753
2024,45.49,1208,1172.1132286109423
2025,45.51,1209,1169.9669100806132
2026,45.53,1196,1167.8248034336139
2027,45.55,1221,1165.687077418679
2028,45.57,1227,1163.5539021297882
2029,45.59,1242,1161.425449009219
2030,45.61,1238,1159.30189085436
2031,45.63,1250,1157.1834018222798
2032,45.65,1186,1155.0701574341583
2033,45.67,1251,1152.962334582211
2034,45.69,1218,1150.8601115334768
2035,45.71,1249,1148.7636679354382
2036,45.73,1212,1146.6731848218697
2037,45.75,1279,1144.5888446167046
2038,45.77,1143,1142.5108311405802
2039,45.79,1229,1140.4393296160615
2040,45.81,1221,1138.374526671685
2041,45.83,1249,1136.3166103491567
2042,45.85,1259,1134.26577010646
2043,45.87,1186,1132.222196824987
2044,45.89,1191,1130.1860828140834
2045,45.91,1184,1128.1576218161463
2046,45.93,1186,1126.137009012853
2047,45.95,1229,1124.1244410291147
2048,45.97,1210,1122.1201159399407
2049,45.99,1208,1120.1242332748952
2050,46.01,1197,1118.1369940235418
2051,46.03,1190,1116.1586006414236
2052,46.05,1205,1114.1892570543478
2053,46.07,1159,1112.229168665106
2054,46.09,1244,1110.2785423582081
2055,46.11,1229,1108.3375865046055
2056,46.13,1265,1106.4065109692674
2057,46.15,1208,1104.4855271142296
2058,46.17,1204,1102.5748478054666
2059,46.19,1172,1100.6746874178425
2060,46.21,1187,1098.7852618405977
2061,46.23,1245,1096.9067884835295
2062,46.25,1270,1095.039486281552
2063,46.27,1134,1093.183575700743
2064,46.29,1247,1091.3392787438224
2065,46.31,1202,1089.5068189550348
2066,46.33,1300,1087.68642142723
2067,46.35,1226,1085.878312805573
2068,46.37,1211,1084.0827212946078
2069,46.39,1202,1082.2998766626442
2070,46.41,1158,1080.530010248338
2071,46.43,1119,1078.773354965775
2072,46.45,1197,1077.0301453103366
2073,46.47,1178,1075.3006173633694
2074,46.49,1212,1073.5850087994677
2075,46.51,1226,1071.8835588910806
2076,46.53,1194,1070.1965085135744
2077,46.55,1224,1068.5241001524919
2078,46.57,1206,1066.866577908102
2079,46.59,1216,1065.2241875010477
2080,46.61,1130,1063.5971762787376
2081,46.63,1183,1061.9857932201667
2082,46.65,1214,1060.3902889423807
2083,46.67,1149,1058.8109157060135
2084,46.69,1234,1057.2479274206307
2085,46.71,1184,1055.7015796505639
2086,46.73,1207,1054.1721296215765
2087,46.75,1162,1052.6598362254826
2088,46.77,1202,1051.1649600257824
2089,46.79,1112,1049.6877632648466
2090,46.81,1146,1048.228509868699
2091,46.83,1236,1046.7874654525222
2092,46.85,1182,1045.3648973269628
2093,46.87,1142,1043.961074504945
2094,46.89,1148,1042.5762677051353
2095,46.91,1180,1041.2107493598542
2096,46.93,1247,1039.8647936201378
2097,46.95,1136,1038.538676361828
2098,46.97,1157,1037.2326751908731
2099,46.99,1192,1035.9470694500378
2100,47.01,1208,1034.682140224444
2101,47.03,1129,1033.4381703471208
2102,47.05,1145,1032.2154444055213
2103,47.07,1116,1031.0142487468493
2104,47.09,1095,1029.8348714853873
2105,47.11,1177,1028.6776025057534
2106,47.13,1183,1027.5427334722317
2107,47.15,1124,1026.4305578314707
2108,47.17,1139,1025.3413708213666
2109,47.19,1103,1024.2754694749547
2110,47.21,1120,1023.2331526274174
2111,47.23,1123,1022.2147209215782
2112,47.25,1107,1021.2204768147894
2113,47.27,1162,1020.2507245838569
2114,47.29,1110,1019.3057703317572
2115,47.31,1112,1018.3859219940114
2116,47.33,1131,1017.4914893434197
2117,47.35,1105,1016.6227839980711
2118,47.37,1160,1015.7801194256554
2119,47.39,1120,1014.9638109504358
2120,47.41,1091,1014.1741757593736
2121,47.43,1170,1013.4115329082197
2122,47.45,1098,1012.6762033274081
2123,47.47,1094,1011.968509828057
2124,47.49,1146,1011.2887771090445
2125,47.51,1147,1010.6373317617818
2126,47.53,1179,1010.0145022776105
2127,47.55,1125,1009.4206190532877
2128,47.57,1091,1008.8560143979466
2129,47.59,1120,1008.3210225380335
2130,47.61,1129,1007.8159796248347
2131,47.63,1110,1007.3412237393914
2132,47.65,1095,1006.8970949006234
2133,47.67,1087,1006.4839350692255
2134,47.69,1088,1006.1020881565364
2135,47.71,1074,1005.7519000279317
2136,47.73,1139,1005.433718511742
2137,47.75,1105,1005.1478934038987
2138,47.77,1064,1004.8947764747118
2139,47.79,1133,1004.6747214761326
2140,47.81,1051,1004.4880841457107
2141,47.83,1123,1004.3352222151934
2142,47.85,1076,1004.2164954165801
2143,47.87,1132,1004.1322654867799
2144,47.89,1104,1004.0828961765092
2145,47.91,1117,1004.0687532544507
2146,47.93,1119,1004.0902045149414
2147,47.95,1086,1004.1476197839947
2148,47.97,1100,1004.2413709254288
2149,47.99,1114,1004.371831847855
2150,48.01,1073,1004.5393785109954
2151,48.03,1126,1004.7443889311453
2152,48.05,1103,1004.9872431904769
2153,48.07,1112,1005.2683234387478
2154,48.09,1057,1005.5880139045403
2155,48.11,1077,1005.9467008991687
2156,48.13,1153,1006.3447728235042
2157,48.15,1104,1006.7826201754579
2158,48.17,1100,1007.2606355546723
2159,48.19,1081,1007.779213671336
2160,48.21,1036,1008.3387513510443
2161,48.23,1089,1008.9396475416543
2162,48.25,1035,1009.5823033208035
2163,48.27,1099,1010.2671219010608
2164,48.29,1095,1010.9945086377738
2165,48.31,1080,1011.764871035024
2166,48.33,1090,1012.578618752028
2167,48.35,1092,1013.4361636103458
2168,48.37,1059,1014.337919600448
2169,48.39,1137,1015.2843028877869
2170,48.41,1129,1016.2757318205695
2171,48.43,1136,1017.3126269348868
2172,48.45,1078,1018.3954109623755
2173,48.47,1071,1019.5245088368592
2174,48.49,1072,1020.7003477011731
2175,48.51,1067,1021.9233569137468
2176,48.53,1130,1023.1939680540727
2177,48.55,1093,1024.5126149328153
2178,48.57,991,1025.8797335942254
2179,48.59,1037,1027.2957623258517
2180,48.61,1060,1028.7611416644395
2181,48.63,1080,1030.2763144028668
2182,48.65,1017,1031.8417255968252
2183,48.67,1107,1033.4578225714267
2184,48.69,1066,1035.125054928425
2185,48.71,1077,1036.8438745524563
2186,48.73,1004,1038.6147356188012
2187,48.75,1080,1040.4380945991015
2188,48.77,1093,1042.3144102692913
2189,48.79,1082,1044.2441437159487
2190,48.81,1077,1046.2277583431114
2191,48.83,1031,1048.2657198786073
2192,48.85,1091,1050.3584963825633
2193,48.87,1058,1052.5065582538155
2194,48.89,992,1054.7103782342438
2195,48.91,1097,1056.97043142031
2196,48.93,1039,1059.287195266088
2197,48.95,1072,1061.661149592317
2198,48.97,1083,1064.0927765927281
2199,48.99,1028,1066.5825608405212
2200,49.01,1031,1069.130989296771
2201,49.03,1033,1071.7385513160898
2202,49.05,1084,1074.4057386537079
2203,49.07,1061,1077.1330454737763
2204,49.09,1024,1079.9209683550707
2205,49.11,1018,1082.7700062985587
2206,49.13,1066,1085.680660734588
2207,49.15,1129,1088.6534355293606
2208,49.17,1100,1091.6888369935878
2209,49.19,1086,1094.7873738863927
2210,49.21,1035,1097.9495574270586
2211,49.23,1055,1101.1759012974835
2212,49.25,979,1104.46692165278
2213,49.27,1086,1107.8231371258425
2214,49.29,1009,1111.245068837041
2215,49.31,1047,1114.733240399055
2216,49.33,1026,1118.2881779255003
2217,49.35,969,1121.9104100377062
2218,49.37,1036,1125.6004678714507
2219,49.39,998,1129.358885084961
2220,49.41,1050,1133.1861978660218
2221,49.43,1039,1137.0829449384928
2222,49.45,1033,1141.0496675704235
2223,49.47,1037,1145.0869095806538
2224,49.49,1013,1149.1952173459758
2225,49.51,1022,1153.3751398101922
2226,49.53,1037,1157.6272284884908
2227,49.55,1025,1161.952037476849
2228,49.57,982,1166.3501234595533
2229,49.59,1049,1170.8220457138123
2230,49.61,952,1175.368366121389
2231,49.63,1034,1179.989649171619
2232,49.65,954,1184.6864619722255
2233,49.67,989,1189.4593742543275
2234,49.69,1024,1194.308958380885
2235,49.71,996,1199.235789353841
2236,49.73,1029,1204.2404448224734
2237,49.75,1039,1209.3235050888707
2238,49.77,995,1214.4855531168268
2239,49.79,969,1219.7271745387498
2240,49.81,1004,1225.048957664254
2241,49.83,989,1230.4514934855433
2242,49.85,1026,1235.9353756861892
2243,49.87,973,1241.5012006490597
2244,49.89,1061,1247.1495674623056
2245,49.91,979,1252.881077928514
2246,49.93,984,1258.6963365715728
2247,49.95,917,1264.5959506431664
2248,49.97,963,1270.5805301325145
2249,49.99,960,1276.6506877716092
