,x,y,y_pred
0,5.01,3041,3072.4055685520816
1,5.03,3047,3063.847700116533
2,5.05,3073,3055.3016283992793
3,5.07,2987,3046.7675385267376
4,5.09,2881,3038.245614066095
5,5.11,3068,3029.736037031361
6,5.13,3010,3021.2389878894223
7,5.15,2936,3012.7546455660686
8,5.17,3056,3004.2831874520193
9,5.19,2993,2995.824789408932
10,5.21,2988,2987.379625775393
11,5.23,2965,2978.9478693729097
12,5.25,2916,2970.5296915118724
13,5.27,2971,2962.1252619975185
14,5.29,2900,2953.734749135873
15,5.31,2856,2945.3583197396856
16,5.33,2909,2936.996139134347
17,5.35,2843,2928.648371163802
18,5.37,2909,2920.315178196437
19,5.39,2927,2911.9967211309686
20,5.41,2898,2903.69315940231
21,5.43,2793,2895.40465098743
22,5.45,2929,2887.1313524111974
23,5.47,2714,2878.873418752214
24,5.49,2860,2870.63100364863
25,5.51,2790,2862.4042593039594
26,5.53,2824,2854.1933364928673
27,5.55,2692,2845.998384566956
28,5.57,2823,2837.8195514605313
29,5.59,2845,2829.6569836963663
30,5.61,2830,2821.5108263914412
31,5.63,2682,2813.381223262676
32,5.65,2735,2805.2683166326515
33,5.67,2763,2797.172247435319
34,5.69,2691,2789.0931552216925
35,5.71,2679,2781.0311781655346
36,5.73,2731,2772.986453069021
37,5.75,2701,2764.9591153684087
38,5.77,2696,2756.949299139673
39,5.79,2625,2748.9571371041447
40,5.81,2750,2740.9827606341305
41,5.83,2685,2733.026299758524
42,5.85,2538,2725.0878831684
43,5.87,2586,2717.167638222598
44,5.89,2534,2709.265690953297
45,5.91,2627,2701.3821660715726
46,5.93,2580,2693.5171869729484
47,5.95,2565,2685.670875742927
48,5.97,2576,2677.8433531625137
49,5.99,2668,2670.0347387137303
50,6.01,2609,2662.2451505851122
51,6.03,2556,2654.4747056771926
52,6.05,2566,2646.72351960798
53,6.07,2683,2638.9917067184197
54,6.09,2625,2631.2793800778413
55,6.11,2554,2623.5866514894
56,6.13,2626,2615.9136314955003
57,6.15,2603,2608.260429383208
58,6.17,2596,2600.6271531896546
59,6.19,2675,2593.013909707427
60,6.21,2527,2585.4208044899424
61,6.23,2559,2577.847941856812
62,6.25,2588,2570.2954248992014
63,6.27,2596,2562.763355485161
64,6.29,2664,2555.2518342649646
65,6.31,2653,2547.760960676421
66,6.33,2620,2540.290832950182
67,6.35,2604,2532.8415481150328
68,6.37,2674,2525.4132020031734
69,6.39,2487,2518.0058892554925
70,6.41,2500,2510.619703326814
71,6.43,2500,2503.254736491154
72,6.45,2647,2495.9110798469437
73,6.47,2632,2488.5888233222627
74,6.49,2553,2481.288055680032
75,6.51,2590,2474.0088645232267
76,6.53,2531,2466.751336300053
77,6.55,2551,2459.5155563091243
78,6.57,2528,2452.301608704622
79,6.59,2487,2445.109576501446
80,6.61,2519,2437.939541580355
81,6.63,2444,2430.791584693086
82,6.65,2507,2423.6657854674763
83,6.67,2492,2416.5622224125627
84,6.69,2388,2409.480972923671
85,6.71,2477,2402.4221132874954
86,6.73,2414,2395.385718687168
87,6.75,2470,2388.371863207314
88,6.77,2387,2381.3806198390903
89,6.79,2463,2374.4120604852246
90,6.81,2418,2367.4662559650296
91,6.83,2456,2360.543276019413
92,6.85,2417,2353.6431893158806
93,6.87,2404,2346.7660634535096
94,6.89,2350,2339.9119649679315
95,6.91,2311,2333.080959336289
96,6.93,2385,2326.273110982189
97,6.95,2318,2319.488483280637
98,6.97,2325,2312.7271385629683
99,6.99,2441,2305.9891381217612
100,7.01,2371,2299.274542215738
101,7.03,2402,2292.583410074662
102,7.05,2333,2285.9157999042127
103,7.07,2328,2279.271768890857
104,7.09,2307,2272.651373206708
105,7.11,2295,2266.0546680143666
106,7.13,2243,2259.4817074717585
107,7.15,2271,2252.932544736955
108,7.17,2278,2246.407231972986
109,7.19,2287,2239.905820352638
110,7.21,2276,2233.4283600632393
111,7.23,2244,2226.9749003114443
112,7.25,2262,2220.5454893279916
113,7.27,2205,2214.1401743724577
114,7.29,2331,2207.7590017380057
115,7.31,2231,2201.4020167561043
116,7.33,2240,2195.06926380126
117,7.35,2203,2188.760786295718
118,7.37,2160,2182.4766267141567
119,7.39,2254,2176.216826588379
120,7.41,2264,2169.9814265119794
121,7.43,2185,2163.770466145012
122,7.45,2137,2157.583984218637
123,7.47,2262,2151.422018539763
124,7.49,2109,2145.284605995674
125,7.51,2136,2139.1717825586475
126,7.53,2197,2133.083583290557
127,7.55,2146,2127.0200423474703
128,7.57,2201,2120.9811929842294
129,7.59,2221,2114.9670675590273
130,7.61,2119,2108.977697537959
131,7.63,2115,2103.0131134995827
132,7.65,2228,2097.0733451394462
133,7.67,2161,2091.1584212746225
134,7.69,2086,2085.2683698482197
135,7.71,2033,2079.4032179338906
136,7.73,1999,2073.5629917403194
137,7.75,2048,2067.74771661571
138,7.77,2018,2061.957417052252
139,7.79,2038,2056.192116690582
140,7.81,2028,2050.451838324236
141,7.83,2061,2044.736603904079
142,7.85,2109,2039.0464345427376
143,7.87,2086,2033.3813505190124
144,7.89,2022,2027.7413712822831
145,7.91,2039,2022.1265154569005
146,7.93,2017,2016.536800846567
147,7.95,1989,2010.9722444387162
148,7.97,2072,2005.4328624088544
149,7.99,2023,1999.9186701249319
150,8.01,1916,1994.4296821516646
151,8.03,2002,1988.965912254865
152,8.05,2007,1983.5273734057582
153,8.07,1991,1978.1140777852897
154,8.09,1905,1972.726036788415
155,8.11,1985,1967.3632610283826
156,8.13,2016,1962.0257603410082
157,8.15,2015,1956.713543788932
158,8.17,1973,1951.4266196658755
159,8.19,1980,1946.1649955008706
160,8.21,1953,1940.9286780624943
161,8.23,1927,1935.717673363089
162,8.25,1895,1930.5319866629584
163,8.27,1903,1925.37162247457
164,8.29,1980,1920.2365845667427
165,8.31,1948,1915.1268759688069
166,8.33,1924,1910.0424989747903
167,8.35,1982,1904.9834551475446
168,8.37,1890,1899.9497453229046
169,8.39,1943,1894.941369613809
170,8.41,1885,1889.9583274144288
171,8.43,1863,1885.0006174042646
172,8.45,1941,1880.0682375522551
173,8.47,1927,1875.1611851208586
174,8.49,1841,1870.279456670134
175,8.51,1794,1865.4230480617994
176,8.53,1847,1860.591954463297
177,8.55,1810,1855.7861703518274
178,8.57,1901,1851.005689518393
179,8.59,1819,1846.2505050718105
180,8.61,1911,1841.5206094427376
181,8.63,1821,1836.8159943876558
182,8.65,1809,1832.1366509928794
183,8.67,1912,1827.4825696785251
184,8.69,1850,1822.8537402024858
185,8.71,1815,1818.2501516643906
186,8.73,1881,1813.671792509549
187,8.75,1821,1809.1186505328928
188,8.77,1868,1804.5907128828994
189,8.79,1859,1800.0879660655187
190,8.81,1777,1795.610395948063
191,8.83,1816,1791.1579877631207
192,8.85,1778,1786.7307261124233
193,8.87,1757,1782.3285949707392
194,8.89,1795,1777.951577689722
195,8.91,1839,1773.5996570017687
196,8.93,1771,1769.2728150238722
197,8.95,1795,1764.9710332614363
198,8.97,1833,1760.6942926121155
199,8.99,1769,1756.4425733696166
200,9.01,1718,1752.2158552275014
201,9.03,1749,1748.0141172829794
202,9.05,1736,1743.8373380406892
203,9.07,1740,1739.6854954164642
204,9.09,1752,1735.5585667410983
205,9.11,1749,1731.4565287640885
206,9.13,1794,1727.3793576573808
207,9.15,1703,1723.3270290190944
208,9.17,1768,1719.2995178772394
209,9.19,1668,1715.2967986934268
210,9.21,1678,1711.318845366567
211,9.23,1771,1707.3656312365579
212,9.25,1752,1703.4371290879544
213,9.27,1674,1699.5333111536402
214,9.29,1700,1695.6541491184907
215,9.31,1604,1691.7996141230055
216,9.33,1664,1687.9696767669602
217,9.35,1785,1684.1643071130138
218,9.37,1622,1680.3834746903422
219,9.39,1716,1676.6271484982285
220,9.41,1727,1672.895297009672
221,9.43,1660,1669.1878881749576
222,9.45,1676,1665.5048894252445
223,9.47,1668,1661.846267676122
224,9.49,1650,1658.211989331167
225,9.51,1672,1654.6020202854902
226,9.53,1701,1651.0163259292626
227,9.55,1697,1647.4548711512489
228,9.57,1631,1643.9176203423185
229,9.59,1703,1640.4045373989375
230,9.61,1718,1636.9155857266878
231,9.63,1687,1633.4507282437226
232,9.65,1657,1630.0099273842588
233,9.67,1666,1626.5931451020342
234,9.69,1651,1623.200342873757
235,9.71,1619,1619.831481702558
236,9.73,1673,1616.4865221214186
237,9.75,1669,1613.1654241965903
238,9.77,1729,1609.8681475310163
239,9.79,1684,1606.5946512677324
240,9.81,1642,1603.3448940932535
241,9.83,1589,1600.1188342409678
242,9.85,1631,1596.9164294945076
243,9.87,1604,1593.737637191101
244,9.89,1601,1590.582414224944
245,9.91,1574,1587.4507170505312
246,9.93,1596,1584.3425016859924
247,9.95,1635,1581.2577237164223
248,9.97,1563,1578.1963382971853
249,9.99,1677,1575.1583001572299
250,10.01,1546,1572.143563602373
251,10.03,1641,1569.1520825185953
252,10.05,1505,1566.1838103752993
253,10.07,1592,1563.238700228596
254,10.09,1598,1560.3167047245465
255,10.11,1540,1557.4177761024011
256,10.13,1595,1554.5418661978533
257,10.15,1527,1551.6889264462502
258,10.17,1578,1548.8589078858222
259,10.19,1597,1546.0517611608698
260,10.21,1535,1543.267436524974
261,10.23,1550,1540.5058838441855
262,10.25,1541,1537.7670526001893
263,10.27,1540,1535.0508918934897
264,10.29,1582,1532.3573504465508
265,10.31,1554,1529.6863766069487
266,10.33,1519,1527.0379183505179
267,10.35,1544,1524.4119232844764
268,10.37,1561,1521.8083386505336
269,10.39,1524,1519.227111328018
270,10.41,1504,1516.6681878369645
271,10.43,1447,1514.131514341213
272,10.45,1533,1511.6170366514812
273,10.47,1480,1509.1247002284313
274,10.49,1589,1506.6544501857534
275,10.51,1543,1504.2062312931962
276,10.53,1558,1501.7799879796103
277,10.55,1502,1499.3756643359998
278,10.57,1499,1496.993204118517
279,10.59,1557,1494.6325507515066
280,10.61,1462,1492.2936473304853
281,10.63,1543,1489.976436625157
282,10.65,1522,1487.6808610823791
283,10.67,1499,1485.4068628291466
284,10.69,1488,1483.1543836755686
285,10.71,1490,1480.9233651178015
286,10.73,1434,1478.7137483410233
287,10.75,1522,1476.5254742223601
288,10.77,1549,1474.3584833337982
289,10.79,1480,1472.212715945138
290,10.81,1490,1470.0881120268746
291,10.83,1481,1467.9846112531122
292,10.85,1526,1465.9021530044542
293,10.87,1442,1463.8406763708786
294,10.89,1487,1461.80012015462
295,10.91,1462,1459.780422873022
296,10.93,1474,1457.7815227614046
297,10.95,1515,1455.803357775896
298,10.97,1521,1453.845865596274
299,10.99,1451,1451.9089836287949
300,11.01,1485,1449.9926490089993
301,11.03,1473,1448.096798604539
302,11.05,1460,1446.2213690179524
303,11.07,1471,1444.3662965894719
304,11.09,1448,1442.5315173997897
305,11.11,1464,1440.7169672728382
306,11.13,1389,1438.92258177856
307,11.15,1422,1437.1482962356326
308,11.17,1443,1435.394045714229
309,11.19,1431,1433.6597650387616
310,11.21,1415,1431.9453887905902
311,11.23,1472,1430.250851310741
312,11.25,1435,1428.5760867026197
313,11.27,1444,1426.9210288346972
314,11.29,1449,1425.2856113432172
315,11.31,1473,1423.669767634859
316,11.33,1436,1422.073430889407
317,11.35,1452,1420.4965340624208
318,11.37,1470,1418.9390098878912
319,11.39,1427,1417.4007908808671
320,11.41,1439,1415.881809340106
321,11.43,1470,1414.3819973506752
322,11.45,1466,1412.9012867866031
323,11.47,1411,1411.4396093134656
324,11.49,1437,1409.9968963909682
325,11.51,1438,1408.5730792755712
326,11.53,1453,1407.168089023039
327,11.55,1469,1405.7818564910394
328,11.57,1432,1404.4143123416666
329,11.59,1366,1403.065387044036
330,11.61,1354,1401.7350108768028
331,11.63,1375,1400.4231139307053
332,11.65,1363,1399.1296261110997
333,11.67,1376,1397.8544771404531
334,11.69,1446,1396.5975965608836
335,11.71,1366,1395.3589137366366
336,11.73,1347,1394.1383578565888
337,11.75,1359,1392.9358579367236
338,11.77,1402,1391.7513428226148
339,11.79,1352,1390.5847411918712
340,11.81,1386,1389.4359815566177
341,11.83,1430,1388.3049922659234
342,11.85,1377,1387.19170150825
343,11.87,1370,1386.0960373138746
344,11.89,1425,1385.0179275573119
345,11.91,1352,1383.9572999597403
346,11.93,1385,1382.9140820913854
347,11.95,1435,1381.8882013739167
348,11.97,1377,1380.8795850828537
349,11.99,1404,1379.8881603499203
350,12.01,1331,1378.913854165422
351,12.03,1391,1377.9565933806107
352,12.05,1481,1377.0163047100345
353,12.07,1381,1376.0929147338647
354,12.09,1392,1375.186349900258
355,12.11,1347,1374.296536527661
356,12.13,1391,1373.4234008071267
357,12.15,1463,1372.5668688046358
358,12.17,1338,1371.7268664633934
359,12.19,1372,1370.9033196061014
360,12.21,1391,1370.0961539372765
361,12.23,1345,1369.3052950454821
362,12.25,1266,1368.53066840563
363,12.27,1344,1367.772199381218
364,12.29,1305,1367.0298132265825
365,12.31,1431,1366.3034350891398
366,12.33,1352,1365.5929900116134
367,12.35,1327,1364.89840293427
368,12.37,1426,1364.2195986971105
369,12.39,1296,1363.5565020420963
370,12.41,1325,1362.9090376153454
371,12.43,1280,1362.2771299693072
372,12.45,1366,1361.6607035649577
373,12.47,1314,1361.0596827739673
374,12.49,1336,1360.4739918808677
375,12.51,1325,1359.903555085199
376,12.53,1362,1359.3482965036528
377,12.55,1356,1358.8081401722384
378,12.57,1344,1358.2830100483934
379,12.59,1379,1357.7728300130902
380,12.61,1308,1357.2775238729882
381,12.63,1333,1356.797015362507
382,12.65,1326,1356.3312281459312
383,12.67,1362,1355.8800858195204
384,12.69,1342,1355.443511913552
385,12.71,1360,1355.0214298944397
386,12.73,1293,1354.6137631667398
387,12.75,1351,1354.2204350752713
388,12.77,1374,1353.8413689071208
389,12.79,1343,1353.476487893683
390,12.81,1305,1353.125715212716
391,12.83,1384,1352.788973990348
392,12.85,1379,1352.466187303086
393,12.87,1282,1352.157278179851
394,12.89,1285,1351.8621696039372
395,12.91,1293,1351.5807845150275
396,12.93,1277,1351.313045811181
397,12.95,1370,1351.0588763507858
398,12.97,1280,1350.8181989545396
399,12.99,1330,1350.5909364074064
400,13.01,1336,1350.3770114605686
401,13.03,1353,1350.176346833351
402,13.05,1322,1349.9888652151803
403,13.07,1351,1349.8144892674923
404,13.09,1327,1349.6531416256553
405,13.11,1326,1349.5047449008935
406,13.13,1303,1349.3692216821614
407,13.15,1301,1349.2464945380475
408,13.17,1332,1349.1364860186795
409,13.19,1367,1349.0391186575766
410,13.21,1300,1348.9543149735346
411,13.23,1316,1348.881997472471
412,13.25,1342,1348.8220886493082
413,13.27,1350,1348.7745109897755
414,13.29,1257,1348.739186972296
415,13.31,1305,1348.716039069789
416,13.33,1298,1348.7049897514753
417,13.35,1257,1348.7059614847444
418,13.37,1304,1348.7188767369025
419,13.39,1247,1348.7436579770088
420,13.41,1306,1348.7802276776488
421,13.43,1261,1348.8285083167357
422,13.45,1262,1348.8884223792534
423,13.47,1299,1348.959892359063
424,13.49,1310,1349.0428407606228
425,13.51,1263,1349.1371901007751
426,13.53,1299,1349.242862910456
427,13.55,1358,1349.359781736463
428,13.57,1324,1349.4878691431704
429,13.59,1288,1349.6270477142361
430,13.61,1266,1349.7772400543404
431,13.63,1278,1349.9383687908762
432,13.65,1341,1350.1103565756302
433,13.67,1324,1350.2931260865134
434,13.69,1238,1350.4866000292009
435,13.71,1301,1350.690701138844
436,13.73,1280,1350.9053521817132
437,13.75,1277,1351.1304759568388
438,13.77,1353,1351.3659952977114
439,13.79,1351,1351.6118330738823
440,13.81,1302,1351.8679121926452
441,13.83,1283,1352.1341556005868
442,13.85,1252,1352.41048628531
443,13.87,1278,1352.696827276964
444,13.89,1332,1352.9931016498754
445,13.91,1222,1353.2992325241735
446,13.93,1266,1353.61514306734
447,13.95,1280,1353.9407564958174
448,13.97,1372,1354.275996076572
449,13.99,1256,1354.6207851286954
450,14.01,1243,1354.975047024886
451,14.03,1352,1355.338705193094
452,14.05,1377,1355.7116831180178
453,14.07,1336,1356.093904342642
454,14.09,1306,1356.4852924697893
455,14.11,1359,1356.885771163616
456,14.13,1275,1357.295264151152
457,14.15,1318,1357.7136952238052
458,14.17,1293,1358.1409882388398
459,14.19,1268,1358.5770671209007
460,14.21,1319,1359.0218558634897
461,14.23,1262,1359.4752785304404
462,14.25,1320,1359.9372592573745
463,14.27,1336,1360.4077222531942
464,14.29,1265,1360.8865918015285
465,14.31,1322,1361.37379226218
466,14.33,1298,1361.869248072564
467,14.35,1279,1362.3728837491476
468,14.37,1303,1362.8846238888727
469,14.39,1319,1363.404393170592
470,14.41,1327,1363.9321163564514
471,14.43,1297,1364.4677182933515
472,14.45,1316,1365.0111239142643
473,14.47,1316,1365.5622582396904
474,14.49,1260,1366.1210463790308
475,14.51,1330,1366.687413531953
476,14.53,1324,1367.2612849897437
477,14.55,1326,1367.8425861367114
478,14.57,1318,1368.4312424515165
479,14.59,1306,1369.0271795085027
480,14.61,1288,1369.6303229791088
481,14.63,1314,1370.2405986330964
482,14.65,1310,1370.8579323399663
483,14.67,1307,1371.4822500702467
484,14.69,1310,1372.1134778967894
485,14.71,1340,1372.7515419961
486,14.73,1328,1373.3963686496118
487,14.75,1301,1374.0478842450243
488,14.77,1426,1374.706015277512
489,14.79,1391,1375.3706883510845
490,14.81,1252,1376.0418301798081
491,14.83,1318,1376.7193675890353
492,14.85,1324,1377.4032275167688
493,14.87,1278,1378.0933370148095
494,14.89,1303,1378.7896232500248
495,14.91,1272,1379.492013505635
496,14.93,1368,1380.2004351823448
497,14.95,1290,1380.9148157996678
498,14.97,1390,1381.6350829970766
499,14.99,1350,1382.361164535229
500,15.01,1305,1383.0929882971504
501,15.03,1316,1383.830482289468
502,15.05,1309,1384.5735746435657
503,15.07,1394,1385.3221936167492
504,15.09,1367,1386.0762675934852
505,15.11,1345,1386.8357250864838
506,15.13,1343,1387.6004947379229
507,15.15,1363,1388.3705053205717
508,15.17,1307,1389.1456857389262
509,15.19,1325,1389.9259650303743
510,15.21,1305,1390.7112723663254
511,15.23,1318,1391.5015370532979
512,15.25,1300,1392.296688534098
513,15.27,1312,1393.0966563888765
514,15.29,1327,1393.9013703362843
515,15.31,1424,1394.7107602345122
516,15.33,1312,1395.5247560824214
517,15.35,1386,1396.3432880206437
518,15.37,1332,1397.1662863326128
519,15.39,1429,1397.9936814456778
520,15.41,1286,1398.8254039321228
521,15.43,1336,1399.661384510292
522,15.45,1265,1400.5015540455706
523,15.47,1265,1401.3458435514663
524,15.49,1293,1402.1941841906514
525,15.51,1352,1403.0465072759844
526,15.53,1348,1403.9027442715314
527,15.55,1326,1404.7628267935793
528,15.57,1292,1405.6266866116762
529,15.59,1349,1406.494255649609
530,15.61,1366,1407.3654659864178
531,15.63,1366,1408.2402498573656
532,15.65,1339,1409.1185396549372
533,15.67,1302,1410.0002679298473
534,15.69,1414,1410.885367391973
535,15.71,1361,1411.7737709113326
536,15.73,1354,1412.6654115190322
537,15.75,1339,1413.5602224082618
538,15.77,1366,1414.4581369351736
539,15.79,1449,1415.3590886199117
540,15.81,1360,1416.263011147451
541,15.83,1368,1417.169838368584
542,15.85,1290,1418.0795043008325
543,15.87,1341,1418.991943129366
544,15.89,1294,1419.9070892078794
545,15.91,1348,1420.8248770595296
546,15.93,1332,1421.7452413778037
547,15.95,1384,1422.668117027435
548,15.97,1364,1423.5934390452744
549,15.99,1299,1424.5211426411543
550,16.01,1370,1425.4511631987589
551,16.03,1369,1426.3834362765324
552,16.05,1299,1427.3178976084691
553,16.07,1351,1428.2544831050022
554,16.09,1285,1429.1931288538667
555,16.11,1359,1430.1337711208976
556,16.13,1367,1431.0763463508692
557,16.15,1317,1432.0207911683592
558,16.17,1452,1432.9670423785165
559,16.19,1339,1433.9150369679146
560,16.21,1332,1434.8647121053323
561,16.23,1348,1435.8160051425707
562,16.25,1342,1436.7688536152564
563,16.27,1295,1437.7231952436086
564,16.29,1352,1438.678967933226
565,16.31,1405,1439.6361097758863
566,16.33,1393,1440.594559050263
567,16.35,1382,1441.5542542227713
568,16.37,1365,1442.5151339482527
569,16.39,1459,1443.4771370707726
570,16.41,1443,1444.4402026243188
571,16.43,1384,1445.4042698336084
572,16.45,1376,1446.369278114762
573,16.47,1451,1447.3351670760776
574,16.49,1461,1448.3018765186966
575,16.51,1345,1449.2693464373815
576,16.53,1371,1450.2375170211735
577,16.55,1399,1451.2063286541465
578,16.57,1403,1452.1757219160472
579,16.59,1414,1453.1456375830594
580,16.61,1371,1454.1160166283908
581,16.63,1367,1455.08680022306
582,16.65,1448,1456.0579297364902
583,16.67,1436,1457.0293467372235
584,16.69,1380,1458.000992993571
585,16.71,1386,1458.9728104742494
586,16.73,1311,1459.944741349062
587,16.75,1422,1460.9167279895
588,16.77,1437,1461.8887129694476
589,16.79,1476,1462.8606390657524
590,16.81,1435,1463.8324492588667
591,16.83,1382,1464.8040867334994
592,16.85,1426,1465.775494879199
593,16.87,1456,1466.7466172909753
594,16.89,1433,1467.7173977698867
595,16.91,1469,1468.687780323682
596,16.93,1407,1469.6577091673153
597,16.95,1409,1470.6271287236518
598,16.97,1473,1471.5959836238726
599,16.99,1448,1472.564218708254
600,17.01,1415,1473.5317790265726
601,17.03,1397,1474.4986098387553
602,17.05,1457,1475.4646566153865
603,17.07,1410,1476.4298650383062
604,17.09,1400,1477.3941810011302
605,17.11,1457,1478.3575506098023
606,17.13,1371,1479.319920183103
607,17.15,1442,1480.2812362532127
608,17.17,1429,1481.2414455662229
609,17.19,1460,1482.2004950826204
610,17.21,1422,1483.158331977876
611,17.23,1402,1484.1149036428706
612,17.25,1431,1485.0701576844444
613,17.27,1469,1486.024041925862
614,17.29,1375,1486.9765044073483
615,17.31,1420,1487.9274933865258
616,17.33,1425,1488.8769573388977
617,17.35,1477,1489.8248449583743
618,17.37,1447,1490.7711051576298
619,17.39,1414,1491.7156870687454
620,17.41,1425,1492.6585400434346
621,17.43,1461,1493.599613653677
622,17.45,1494,1494.538857692126
623,17.47,1485,1495.4762221724764
624,17.49,1482,1496.4116573299557
625,17.51,1458,1497.3451136217914
626,17.53,1429,1498.2765417275095
627,17.55,1469,1499.205892549534
628,17.57,1474,1500.1331172133946
629,17.59,1451,1501.0581670683127
630,17.61,1497,1501.9809936875154
631,17.63,1492,1502.9015488686218
632,17.65,1437,1503.8197846340809
633,17.67,1490,1504.7356532315234
634,17.69,1488,1505.6491071341593
635,17.71,1424,1506.5600990411685
636,17.73,1439,1507.4685818780317
637,17.75,1507,1508.374508796915
638,17.77,1501,1509.2778331770478
639,17.79,1470,1510.178508625046
640,17.81,1427,1511.0764889752763
641,17.83,1442,1511.9717282902066
642,17.85,1490,1512.864180860738
643,17.87,1455,1513.7538012065047
644,17.89,1520,1514.6405440762956
645,17.91,1478,1515.524364448248
646,17.93,1503,1516.4052175303082
647,17.95,1508,1517.2830587604149
648,17.97,1500,1518.1578438068682
649,17.99,1476,1519.0295285686248
650,18.01,1442,1519.8980691756174
651,18.03,1522,1520.7634219890224
652,18.05,1446,1521.6255436015235
653,18.07,1522,1522.4843908376442
654,18.09,1526,1523.3399207539705
655,18.11,1544,1524.192090639483
656,18.13,1534,1525.0408580158105
657,18.15,1553,1525.8861806373766
658,18.17,1494,1526.7280164918793
659,18.19,1499,1527.5663238003053
660,18.21,1511,1528.4010610173877
661,18.23,1512,1529.232186831643
662,18.25,1496,1530.0596601657785
663,18.27,1545,1530.8834401768413
664,18.29,1549,1531.7034862564542
665,18.31,1558,1532.5197580310155
666,18.33,1589,1533.3322153620243
667,18.35,1543,1534.1408183460935
668,18.37,1578,1534.9455273153676
669,18.39,1505,1535.7463028375955
670,18.41,1574,1536.5431057163369
671,18.43,1592,1537.3358969911924
672,18.45,1520,1538.1246379380113
673,18.47,1538,1538.909290068972
674,18.49,1537,1539.6898151328783
675,18.51,1625,1540.466175115264
676,18.53,1508,1541.2383322385726
677,18.55,1562,1542.0062489622892
678,18.57,1534,1542.7698879831983
679,18.59,1500,1543.5292122354213
680,18.61,1554,1544.2841848906291
681,18.63,1497,1545.034769358158
682,18.65,1639,1545.7809292851466
683,18.67,1647,1546.5226285567578
684,18.69,1622,1547.2598312961272
685,18.71,1539,1547.992501864659
686,18.73,1605,1548.7206048620806
687,18.75,1586,1549.4441051265167
688,18.77,1612,1550.162967734701
689,18.79,1563,1550.8771580019275
690,18.81,1587,1551.5866414823586
691,18.83,1629,1552.291383968914
692,18.85,1593,1552.9913514935047
693,18.87,1661,1553.6865103270616
694,18.89,1557,1554.3768269796165
695,18.91,1630,1555.062268200389
696,18.93,1547,1555.7428009779
697,18.95,1640,1556.4183925399338
698,18.97,1552,1557.0890103537104
699,18.99,1577,1557.7546221259217
700,19.01,1586,1558.4151958027105
701,19.03,1623,1559.0706995698592
702,19.05,1644,1559.7211018526768
703,19.07,1585,1560.366371316154
704,19.09,1603,1561.0064768649554
705,19.11,1597,1561.6413876434854
706,19.13,1581,1562.2710730358644
707,19.15,1678,1562.8955026659742
708,19.17,1599,1563.5146463975198
709,19.19,1660,1564.1284743339438
710,19.21,1650,1564.736956818524
711,19.23,1672,1565.3400644344024
712,19.25,1666,1565.9377680044536
713,19.27,1553,1566.5300385914265
714,19.29,1623,1567.1168474978554
715,19.31,1682,1567.6981662660314
716,19.33,1662,1568.273966678064
717,19.35,1655,1568.8442207558196
718,19.37,1618,1569.4089007608595
719,19.39,1666,1569.96797919445
720,19.41,1647,1570.5214287975546
721,19.43,1630,1571.069222550765
722,19.45,1611,1571.6113336741619
723,19.47,1696,1572.147735627519
724,19.49,1657,1572.6784021099738
725,19.51,1657,1573.203307060146
726,19.53,1616,1573.7224246560186
727,19.55,1703,1574.2357293148839
728,19.57,1663,1574.7431956932614
729,19.59,1678,1575.2447986868824
730,19.61,1640,1575.7405134304768
731,19.63,1694,1576.2303152979084
732,19.65,1677,1576.71417990186
733,19.67,1726,1577.1920830939166
734,19.69,1696,1577.6640009643697
735,19.71,1672,1578.1299098421637
736,19.73,1692,1578.5897862948068
737,19.75,1622,1579.0436071282347
738,19.77,1625,1579.4913493866802
739,19.79,1685,1579.9329903526818
740,19.81,1658,1580.368507546766
741,19.83,1652,1580.79787872748
742,19.85,1654,1581.2210818912304
743,19.87,1649,1581.6380952721875
744,19.89,1702,1582.0488973419924
745,19.91,1609,1582.45346680978
746,19.93,1674,1582.8517826220614
747,19.95,1627,1583.243823962447
748,19.97,1686,1583.6295702515008
749,19.99,1722,1584.009001146765
750,20.01,1655,1584.382096542378
751,20.03,1727,1584.7488365690651
752,20.05,1760,1585.109201593853
753,20.07,1707,1585.4631722200688
754,20.09,1695,1585.8107292869504
755,20.11,1693,1586.1518538697192
756,20.13,1701,1586.4865272790885
757,20.15,1626,1586.814731061374
758,20.17,1724,1587.1364469981982
759,20.19,1699,1587.451657106174
760,20.21,1648,1587.7603436368645
761,20.23,1739,1588.062489076547
762,20.25,1710,1588.3580761460066
763,20.27,1697,1588.647087800262
764,20.29,1741,1588.9295072283917
765,20.31,1722,1589.205317853416
766,20.33,1758,1589.474503331911
767,20.35,1598,1589.7370475538955
768,20.37,1741,1589.992934642532
769,20.39,1767,1590.242148954032
770,20.41,1687,1590.484675077198
771,20.43,1657,1590.7204978334485
772,20.45,1701,1590.9496022762887
773,20.47,1695,1591.1719736913428
774,20.49,1730,1591.3875975958645
775,20.51,1702,1591.596459738712
776,20.53,1617,1591.798546099857
777,20.55,1826,1591.9938428902974
778,20.57,1728,1592.1823365517757
779,20.59,1693,1592.3640137563684
780,20.61,1720,1592.5388614063668
781,20.63,1718,1592.7068666339928
782,20.65,1734,1592.8680168009923
783,20.67,1777,1593.0222994985224
784,20.69,1751,1593.1697025466865
785,20.71,1736,1593.3102139944772
786,20.73,1801,1593.443822119154
787,20.75,1706,1593.5705154263242
788,20.77,1716,1593.6902826493201
789,20.79,1704,1593.803112749065
790,20.81,1811,1593.908994913811
791,20.83,1782,1594.0079185586692
792,20.85,1715,1594.099873325335
793,20.87,1706,1594.1848490818957
794,20.89,1760,1594.2628359224213
795,20.91,1701,1594.3338241665624
796,20.93,1739,1594.3978043593993
797,20.95,1746,1594.45476727094
798,20.97,1731,1594.5047038958792
799,20.99,1778,1594.5476054532373
800,21.01,1740,1594.5834633860545
801,21.03,1706,1594.6122693608982
802,21.05,1744,1594.6340152678458
803,21.07,1710,1594.6486932196813
804,21.09,1767,1594.6562955518798
805,21.11,1842,1594.65681482217
806,21.13,1720,1594.650243810101
807,21.15,1792,1594.636575516723
808,21.17,1681,1594.6158031642553
809,21.19,1759,1594.5879201955968
810,21.21,1669,1594.55292027414
811,21.23,1757,1594.5107972831706
812,21.25,1720,1594.461545325726
813,21.27,1763,1594.4051587239492
814,21.29,1761,1594.341632018908
815,21.31,1751,1594.2709599701961
816,21.33,1723,1594.1931375553813
817,21.35,1728,1594.1081599696358
818,21.37,1774,1594.0160226256062
819,21.39,1829,1593.916721152652
820,21.41,1774,1593.8102513966214
821,21.43,1725,1593.6966094194327
822,21.45,1753,1593.5757914985998
823,21.47,1734,1593.4477941269524
824,21.49,1814,1593.3126140120066
825,21.51,1748,1593.1702480757085
826,21.53,1813,1593.0206934539515
827,21.55,1807,1592.8639474961938
828,21.57,1764,1592.7000077648859
829,21.59,1808,1592.5288720352783
830,21.61,1683,1592.3505382946514
831,21.63,1763,1592.1650047422518
832,21.65,1741,1591.9722697885995
833,21.67,1706,1591.7723320550026
834,21.69,1751,1591.56519037336
835,21.71,1724,1591.350843785468
836,21.73,1749,1591.1292915427348
837,21.75,1794,1590.9005331054932
838,21.77,1808,1590.6645681427863
839,21.79,1734,1590.4213965318459
840,21.81,1839,1590.1710183575046
841,21.83,1758,1589.9134339118154
842,21.85,1805,1589.6486436935988
843,21.87,1692,1589.3766484078924
844,21.89,1726,1589.0974489655596
845,21.91,1776,1588.8110464827432
846,21.93,1775,1588.5174422803989
847,21.95,1725,1588.2166378837815
848,21.97,1697,1587.90863502202
849,21.99,1747,1587.5934356275993
850,22.01,1730,1587.2710418357979
851,22.03,1771,1586.9414559842871
852,22.05,1798,1586.6046806125792
853,22.07,1790,1586.26071846154
854,22.09,1692,1585.9095724728254
855,22.11,1765,1585.5512457884138
856,22.13,1712,1585.1857417502097
857,22.15,1742,1584.8130638992898
858,22.17,1695,1584.4332159755868
859,22.19,1729,1584.0462019172473
860,22.21,1757,1583.652025860219
861,22.23,1809,1583.250692137639
862,22.25,1825,1582.8422052792257
863,22.27,1732,1582.4265700109995
864,22.29,1749,1582.0037912545158
865,22.31,1686,1581.5738741264745
866,22.33,1793,1581.1368239380204
867,22.35,1651,1580.692646194418
868,22.37,1734,1580.2413465942623
869,22.39,1749,1579.7829310292022
870,22.41,1678,1579.3174055831419
871,22.43,1769,1578.8447765318292
872,22.45,1686,1578.3650503422837
873,22.47,1731,1577.878233672183
874,22.49,1728,1577.384333369378
875,22.51,1740,1576.8833564713314
876,22.53,1698,1576.3753102044275
877,22.55,1715,1575.8602019835348
878,22.57,1725,1575.338039411496
879,22.59,1701,1574.8088302783221
880,22.61,1750,1574.2725825607986
881,22.63,1701,1573.7293044218727
882,22.65,1573,1573.1790042101543
883,22.67,1746,1572.6216904590456
884,22.69,1707,1572.0573718865585
885,22.71,1684,1571.4860573944356
886,22.73,1656,1570.9077560676337
887,22.75,1734,1570.3224771738428
888,22.77,1737,1569.7302301627574
889,22.79,1670,1569.131024665428
890,22.81,1734,1568.5248704939313
891,22.83,1575,1567.91177764053
892,22.85,1679,1567.2917562770904
893,22.87,1684,1566.6648167546477
894,22.89,1601,1566.0309696025574
895,22.91,1630,1565.390225528076
896,22.93,1639,1564.7425954156483
897,22.95,1707,1564.0880903263665
898,22.97,1660,1563.426721497232
899,22.99,1618,1562.7585003407903
900,23.01,1646,1562.083438444119
901,23.03,1696,1561.4015475686087
902,23.05,1583,1560.7128396490257
903,23.07,1613,1560.0173267931027
904,23.09,1553,1559.315021280779
905,23.11,1574,1558.6059355636366
906,23.13,1590,1557.8900822642026
907,23.15,1599,1557.1674741754014
908,23.17,1569,1556.4381242598038
909,23.19,1544,1555.7020456490895
910,23.21,1584,1554.9592516433827
911,23.23,1569,1554.2097557105626
912,23.25,1553,1553.4535714856597
913,23.27,1605,1552.690712770233
914,23.29,1604,1551.9211935315561
915,23.31,1602,1551.1450279022124
916,23.33,1569,1550.3622301793262
917,23.35,1590,1549.5728148237595
918,23.37,1544,1548.7767964597579
919,23.39,1602,1547.9741898739794
920,23.41,1617,1547.1650100151342
921,23.43,1535,1546.3492719930437
922,23.45,1569,1545.526991078144
923,23.47,1543,1544.6981827007135
924,23.49,1544,1543.8628624503117
925,23.51,1594,1543.0210460750945
926,23.53,1552,1542.1727494809975
927,23.55,1529,1541.3179887312167
928,23.57,1510,1540.4567800454893
929,23.59,1586,1539.5891397993846
930,23.61,1520,1538.7150845236674
931,23.63,1551,1537.8346309034664
932,23.65,1506,1536.9477957778986
933,23.67,1465,1536.0545961390508
934,23.69,1446,1535.1550491314988
935,23.71,1512,1534.2491720515404
936,23.73,1515,1533.33698234649
937,23.75,1497,1532.4184976140446
938,23.77,1491,1531.4937356015193
939,23.79,1490,1530.562714205235
940,23.81,1534,1529.6254514696557
941,23.83,1447,1528.681965586999
942,23.85,1542,1527.7322748961615
943,23.87,1511,1526.77639788219
944,23.89,1497,1525.8143531757028
945,23.91,1497,1524.8461595519188
946,23.93,1464,1523.8718359301433
947,23.95,1410,1522.8914013729964
948,23.97,1458,1521.9048750857073
949,23.99,1471,1520.912276415324
950,24.01,1400,1519.9136248501727
951,24.03,1435,1518.908940018941
952,24.05,1408,1517.8982416900863
953,24.07,1460,1516.8815497710375
954,24.09,1482,1515.858884307656
955,24.11,1478,1514.8302654831596
956,24.13,1458,1513.7957136177943
957,24.15,1491,1512.755249167803
958,24.17,1440,1511.7088927247928
959,24.19,1388,1510.656665015205
960,24.21,1475,1509.5985868992675
961,24.23,1443,1508.5346793703825
962,24.25,1437,1507.4649635544374
963,24.27,1403,1506.389460709081
964,24.29,1398,1505.3081922229494
965,24.31,1421,1504.2211796148072
966,24.33,1476,1503.128444533088
967,24.35,1406,1502.0300087549135
968,24.37,1482,1500.9258941853905
969,24.39,1416,1499.816122856916
970,24.41,1474,1498.7007169285007
971,24.43,1441,1497.5796986848395
972,24.45,1395,1496.453090535692
973,24.47,1452,1495.320915015132
974,24.49,1364,1494.183194780719
975,24.51,1336,1493.0399526128158
976,24.53,1419,1491.8912114138388
977,24.55,1413,1490.736994207468
978,24.57,1442,1489.577324137851
979,24.59,1443,1488.4122244689252
980,24.61,1390,1487.2417185836325
981,24.63,1382,1486.0658299831907
982,24.65,1357,1484.884582286185
983,24.67,1395,1483.6979992280217
984,24.69,1326,1482.506104660008
985,24.71,1337,1481.308922548696
986,24.73,1368,1480.1064769749528
987,24.75,1348,1478.8987921333141
988,24.77,1324,1477.6858923313312
989,24.79,1380,1476.4678019885514
990,24.81,1338,1475.2445456358355
991,24.83,1380,1474.0161479147173
992,24.85,1284,1472.7826335763734
993,24.87,1398,1471.544027481269
994,24.89,1367,1470.300354597824
995,24.91,1396,1469.0516400021552
996,24.93,1370,1467.7979088768184
997,24.95,1350,1466.539186510577
998,24.97,1377,1465.2754982971437
999,24.99,1382,1464.006869734622
1000,25.01,1358,1462.7333264246822
1001,25.03,1350,1461.4548940717777
1002,25.05,1389,1460.1715984824696
1003,25.07,1349,1458.8834655643745
1004,25.09,1303,1457.5905213255728
1005,25.11,1296,1456.2927918739447
1006,25.13,1329,1454.9903034160948
1007,25.15,1328,1453.683082256684
1008,25.17,1310,1452.3711547977728
1009,25.19,1324,1451.0545475377166
1010,25.21,1310,1449.7332870707723
1011,25.23,1363,1448.407400086037
1012,25.25,1321,1447.076913366694
1013,25.27,1305,1445.741853789149
1014,25.29,1308,1444.4022483226245
1015,25.31,1257,1443.0581240276874
1016,25.33,1377,1441.7095080561726
1017,25.35,1336,1440.3564276498478
1018,25.37,1364,1438.9989101398605
1019,25.39,1300,1437.6369829459595
1020,25.41,1391,1436.270673575587
1021,25.43,1341,1434.900009623027
1022,25.45,1310,1433.5250187689048
1023,25.47,1273,1432.1457287789526
1024,25.49,1292,1430.7621675035944
1025,25.51,1298,1429.3743628768793
1026,25.53,1341,1427.9823429158173
1027,25.55,1328,1426.5861357195276
1028,25.57,1332,1425.185769468521
1029,25.59,1319,1423.7812724236433
1030,25.61,1246,1422.3726729255427
1031,25.63,1276,1420.9599993937554
1032,25.65,1291,1419.5432803259268
1033,25.67,1217,1418.1225442968066
1034,25.69,1340,1416.697819957792
1035,25.71,1300,1415.2691360358517
1036,25.73,1296,1413.836521332736
1037,25.75,1299,1412.4000047243985
1038,25.77,1321,1410.959615159814
1039,25.79,1315,1409.5153816603843
1040,25.81,1249,1408.067333319233
1041,25.83,1270,1406.615499300171
1042,25.85,1305,1405.1599088368907
1043,25.87,1268,1403.700591232367
1044,25.89,1289,1402.2375758578546
1045,25.91,1235,1400.7708921520284
1046,25.93,1274,1399.3005696205123
1047,25.95,1303,1397.82663783438
1048,25.97,1223,1396.349126430301
1049,25.99,1271,1394.868065108723
1050,26.01,1298,1393.3834836337528
1051,26.03,1206,1391.8954118320175
1052,26.05,1171,1390.4038795920742
1053,26.07,1301,1388.9089168632677
1054,26.09,1276,1387.4105536552006
1055,26.11,1271,1385.9088200367037
1056,26.13,1263,1384.4037461352204
1057,26.15,1281,1382.895362135862
1058,26.17,1287,1381.3836982805578
1059,26.19,1216,1379.8687848672316
1060,26.21,1232,1378.3506522492066
1061,26.23,1232,1376.8293308340026
1062,26.25,1252,1375.3048510828817
1063,26.27,1297,1373.7772435096813
1064,26.29,1305,1372.2465386803487
1065,26.31,1231,1370.7127672118108
1066,26.33,1183,1369.175959771259
1067,26.35,1222,1367.6361470754728
1068,26.37,1234,1366.0933598897577
1069,26.39,1260,1364.547629027286
1070,26.41,1146,1362.9989853481034
1071,26.43,1239,1361.4474597586113
1072,26.45,1234,1359.8930832102624
1073,26.47,1272,1358.3358866993062
1074,26.49,1263,1356.7759012654856
1075,26.51,1208,1355.2131579914972
1076,26.53,1210,1353.6476880020255
1077,26.55,1244,1352.0795224629192
1078,26.57,1261,1350.5086925804253
1079,26.59,1267,1348.935229600554
1080,26.61,1205,1347.359164807623
1081,26.63,1222,1345.7805295242233
1082,26.65,1263,1344.1993551098299
1083,26.67,1231,1342.6156729602499
1084,26.69,1177,1341.0295145066389
1085,26.71,1273,1339.440911214776
1086,26.73,1271,1337.8498945842275
1087,26.75,1235,1336.2564961475296
1088,26.77,1158,1334.6607474692432
1089,26.79,1205,1333.0626801453031
1090,26.81,1179,1331.4623258020029
1091,26.83,1203,1329.85971609548
1092,26.85,1273,1328.2548827104697
1093,26.87,1212,1326.647857359726
1094,26.89,1217,1325.0386717831439
1095,26.91,1261,1323.4273577470885
1096,26.93,1187,1321.8139470434025
1097,26.95,1212,1320.1984714884438
1098,26.97,1234,1318.5809629225123
1099,26.99,1254,1316.961453209024
1100,27.01,1139,1315.339974233496
1101,27.03,1174,1313.716557902831
1102,27.05,1205,1312.091236144554
1103,27.07,1252,1310.4640409058075
1104,27.09,1226,1308.8350041526978
1105,27.11,1150,1307.2041578694193
1106,27.13,1216,1305.571534057427
1107,27.15,1238,1303.937164734481
1108,27.17,1169,1302.3010819340948
1109,27.19,1137,1300.663317704542
1110,27.21,1170,1299.023904108048
1111,27.23,1175,1297.3828732198835
1112,27.25,1229,1295.740257127693
1113,27.27,1223,1294.0960879306303
1114,27.29,1149,1292.4503977385543
1115,27.31,1187,1290.8032186709806
1116,27.33,1173,1289.154582856651
1117,27.35,1174,1287.5045224324513
1118,27.37,1177,1285.8530695426803
1119,27.39,1138,1284.2002563380051
1120,27.41,1204,1282.5461149751536
1121,27.43,1135,1280.8906776154736
1122,27.45,1188,1279.2339764244944
1123,27.47,1188,1277.5760435712218
1124,27.49,1225,1275.9169112269874
1125,27.51,1189,1274.2566115645814
1126,27.53,1123,1272.5951767579095
1127,27.55,1102,1270.9326389807798
1128,27.57,1227,1269.269030406153
1129,27.59,1176,1267.6043832054706
1130,27.61,1191,1265.9387295477222
1131,27.63,1204,1264.272101598417
1132,27.65,1175,1262.6045315193219
1133,27.67,1195,1260.9360514671325
1134,27.69,1202,1259.2666935928892
1135,27.71,1205,1257.5964900411332
1136,27.73,1193,1255.925472949064
1137,27.75,1109,1254.253674445863
1138,27.77,1181,1252.5811266515543
1139,27.79,1200,1250.9078616766046
1140,27.81,1176,1249.2339116208163
1141,27.83,1209,1247.5593085726132
1142,27.85,1165,1245.8840846083149
1143,27.87,1109,1244.2082717911553
1144,27.89,1207,1242.5319021706414
1145,27.91,1146,1240.8550077817054
1146,27.93,1144,1239.1776206436925
1147,27.95,1159,1237.4997727599084
1148,27.97,1138,1235.8214961166145
1149,27.99,1171,1234.1428226822063
1150,28.01,1165,1232.4637844063527
1151,28.03,1160,1230.784413219572
1152,28.05,1177,1229.1047410318988
1153,28.07,1175,1227.4247997323732
1154,28.09,1154,1225.744621188191
1155,28.11,1131,1224.0642372442067
1156,28.13,1165,1222.3836797213899
1157,28.15,1112,1220.7029804167205
1158,28.17,1156,1219.0221711022205
1159,28.19,1175,1217.3412835238746
1160,28.21,1162,1215.6603494012816
1161,28.23,1086,1213.9794004264618
1162,28.25,1201,1212.2984682631868
1163,28.27,1132,1210.6175845465546
1164,28.29,1098,1208.9367808815396
1165,28.31,1184,1207.2560888425965
1166,28.33,1114,1205.5755399728423
1167,28.35,1169,1203.8951657833331
1168,28.37,1129,1202.214997752084
1169,28.39,1074,1200.535067323363
1170,28.41,1171,1198.855405906976
1171,28.43,1135,1197.176044877328
1172,28.45,1159,1195.4970155727715
1173,28.47,1130,1193.8183492949051
1174,28.49,1157,1192.140077307567
1175,28.51,1138,1190.4622308360617
1176,28.53,1119,1188.7848410666934
1177,28.55,1148,1187.1079391455714
1178,28.57,1145,1185.4315561782541
1179,28.59,1050,1183.7557232284057
1180,28.61,1083,1182.080471317824
1181,28.63,1188,1180.4058314248464
1182,28.65,1163,1178.7318344840273
1183,28.67,1116,1177.0585113852676
1184,28.69,1108,1175.385892973175
1185,28.71,1104,1173.7140100460497
1186,28.73,1123,1172.0428933552207
1187,28.75,1085,1170.372573604382
1188,28.77,1087,1168.7030814485265
1189,28.79,1103,1167.0344474938847
1190,28.81,1175,1165.3667022959808
1191,28.83,1075,1163.6998763600536
1192,28.85,1147,1162.034000139729
1193,28.87,1170,1160.36910403615
1194,28.89,1149,1158.7052183974583
1195,28.91,1153,1157.0423735181557
1196,28.93,1108,1155.3805996378942
1197,28.95,1063,1153.7199269410216
1198,28.97,1144,1152.0603855561485
1199,28.99,1101,1150.4020055544765
1200,29.01,1061,1148.7448169500776
1201,29.03,1082,1147.0888496984753
1202,29.05,1143,1145.4341336961897
1203,29.07,1067,1143.7806987798194
1204,29.09,1118,1142.1285747253523
1205,29.11,1115,1140.4777912474779
1206,29.13,1053,1138.8283779990456
1207,29.15,1138,1137.180364569524
1208,29.17,1093,1135.5337804854016
1209,29.19,1085,1133.8886552086046
1210,29.21,1091,1132.2450181360637
1211,29.23,1110,1130.6028985988555
1212,29.25,1117,1128.962325861747
1213,29.27,1082,1127.3233291219813
1214,29.29,1057,1125.6859375091408
1215,29.31,1072,1124.050180083937
1216,29.33,1079,1122.4160858376645
1217,29.35,1091,1120.7836836912948
1218,29.37,1098,1119.153002495425
1219,29.39,1132,1117.5240710283592
1220,29.41,1044,1115.8969179967562
1221,29.43,1179,1114.2715720336555
1222,29.45,1069,1112.6480616986482
1223,29.47,1102,1111.0264154767278
1224,29.49,1128,1109.4066617778171
1225,29.51,1024,1107.7888289355665
1226,29.53,1113,1106.1729452074696
1227,29.55,1047,1104.5590387733023
1228,29.57,1128,1102.9471377349223
1229,29.59,1073,1101.3372701155922
1230,29.61,1036,1099.7294638587246
1231,29.63,1132,1098.1237468278682
1232,29.65,1090,1096.5201468056812
1233,29.67,1092,1094.9186914929878
1234,29.69,1104,1093.3194085087757
1235,29.71,1017,1091.7223253884426
1236,29.73,1105,1090.127469584375
1237,29.75,1112,1088.534868464034
1238,29.77,1046,1086.9445493103908
1239,29.79,1081,1085.3565393200506
1240,29.81,1099,1083.7708656036143
1241,29.83,1076,1082.1875551843368
1242,29.85,1050,1080.60663499789
1243,29.87,1051,1079.0281318911602
1244,29.89,1049,1077.4520726221422
1245,29.91,1064,1075.8784838587635
1246,29.93,1081,1074.307392178494
1247,29.95,1068,1072.73882406749
1248,29.97,1074,1071.1728059202846
1249,29.99,1102,1069.6093640386653
1250,30.01,1020,1068.048524631141
1251,30.03,1053,1066.4903138124646
1252,30.05,1064,1064.9347576027153
1253,30.07,1028,1063.3818819269404
1254,30.09,1025,1061.8317126138863
1255,30.11,1081,1060.2842753962204
1256,30.13,1075,1058.7395959091614
1257,30.15,1049,1057.197699690013
1258,30.17,1076,1055.6586121776968
1259,30.19,1061,1054.1223587118434
1260,30.21,1114,1052.5889645324683
1261,30.23,1030,1051.058454778779
1262,30.25,1043,1049.530854489159
1263,30.27,1000,1048.0061885999771
1264,30.29,1109,1046.4844819454456
1265,30.31,1031,1044.9657592566514
1266,30.33,1059,1043.4500451608915
1267,30.35,1061,1041.9373641810935
1268,30.37,1099,1040.4277407354698
1269,30.39,1034,1038.9211991364605
1270,30.41,1035,1037.4177635904434
1271,30.43,1042,1035.9174581966672
1272,30.45,1052,1034.4203069473751
1273,30.47,1054,1032.9263337260168
1274,30.49,1022,1031.4355623081528
1275,30.51,1029,1029.948016359409
1276,30.53,1053,1028.4637194355828
1277,30.55,1068,1026.9826949819958
1278,30.57,1007,1025.5049663328423
1279,30.59,1068,1024.0305567103474
1280,30.61,1002,1022.5594892247018
1281,30.63,1019,1021.0917868725232
1282,30.65,1011,1019.6274725372841
1283,30.67,1000,1018.1665689880847
1284,30.69,1036,1016.7090988791842
1285,30.71,980,1015.255084749559
1286,30.73,1011,1013.8045490221721
1287,30.75,1009,1012.3575140031799
1288,30.77,1028,1010.9140018819121
1289,30.79,1019,1009.4740347298689
1290,30.81,1022,1008.037634499834
1291,30.83,1047,1006.6048230261263
1292,30.85,940,1005.1756220231782
1293,30.87,982,1003.7500530857951
1294,30.89,1016,1002.328137687547
1295,30.91,1041,1000.9098971812223
1296,30.93,1030,999.4953527977923
1297,30.95,1035,998.0845256455054
1298,30.97,1010,996.6774367099642
1299,30.99,998,995.2741068530868
1300,31.01,1062,993.8745568131967
1301,31.03,1050,992.4788072032516
1302,31.05,957,991.0868785117236
1303,31.07,1005,989.6987911008068
1304,31.09,977,988.3145652071203
1305,31.11,972,986.9342209397319
1306,31.13,985,985.5577782805558
1307,31.15,1047,984.1852570840019
1308,31.17,1004,982.8166770756866
1309,31.19,1024,981.4520578519632
1310,31.21,950,980.0914188803763
1311,31.23,1013,978.7347794976745
1312,31.25,1073,977.3821589108302
1313,31.27,960,976.0335761949705
1314,31.29,1025,974.6890502940687
1315,31.31,1016,973.3486000194221
1316,31.33,975,972.0122440503787
1317,31.35,1008,970.6800009326785
1318,31.37,1022,969.3518890783007
1319,31.39,1011,968.0279267651822
1320,31.41,1003,966.7081321365131
1321,31.43,962,965.3925232003985
1322,31.45,976,964.0811178288304
1323,31.47,976,962.77393375786
1324,31.49,1041,961.470988586831
1325,31.51,920,960.1722997779366
1326,31.53,939,958.877884655547
1327,31.55,913,957.5877604056527
1328,31.57,975,956.3019440759194
1329,31.59,968,955.0204525748018
1330,31.61,970,953.74330267085
1331,31.63,1028,952.4705109925399
1332,31.65,1005,951.2020940283073
1333,31.67,987,949.9380681247503
1334,31.69,964,948.6784494876697
1335,31.71,1001,947.4232541799124
1336,31.73,1003,946.1724981230495
1337,31.75,961,944.9261970947709
1338,31.77,984,943.6843667300395
1339,31.79,959,942.4470225195896
1340,31.81,971,941.2141798099319
1341,31.83,1013,939.9858538030148
1342,31.85,952,938.7620595558237
1343,31.87,999,937.5428119790977
1344,31.89,989,936.3281258379961
1345,31.91,987,935.1180157509698
1346,31.93,947,933.9124961900579
1347,31.95,937,932.7115814792173
1348,31.97,956,931.5152857951721
1349,31.99,1034,930.3236231661981
1350,32.01,962,929.1366074720563
1351,32.03,988,927.9542524434128
1352,32.05,885,926.7765716617319
1353,32.07,992,925.6035785579911
1354,32.09,992,924.4352864137691
1355,32.11,977,923.2717083594748
1356,32.13,993,922.1128573742135
1357,32.15,989,920.9587462864229
1358,32.17,932,919.8093877716574
1359,32.19,889,918.6647943540679
1360,32.21,1030,917.5249784048237
1361,32.23,962,916.3899521419112
1362,32.25,923,915.2597276301899
1363,32.27,972,914.1343167806708
1364,32.29,950,913.0137313502187
1365,32.31,955,911.8979829408286
1366,32.33,924,910.7870830000379
1367,32.35,941,909.6810428198878
1368,32.37,920,908.5798735368116
1369,32.39,910,907.4835861312831
1370,32.41,908,906.3921914271605
1371,32.43,970,905.3057000922709
1372,32.45,982,904.2241226367837
1373,32.47,962,903.1474694134849
1374,32.49,978,902.0757506176783
1375,32.51,919,901.0089762866892
1376,32.53,956,899.9471562990507
1377,32.55,939,898.8903003745945
1378,32.57,949,897.8384180745606
1379,32.59,949,896.7915187999524
1380,32.61,967,895.7496117931073
1381,32.63,989,894.712706135359
1382,32.65,935,893.6808107481979
1383,32.67,919,892.653934392124
1384,32.69,890,891.6320856670286
1385,32.71,922,890.6152730114973
1386,32.73,899,889.603504702332
1387,32.75,934,888.5967888541923
1388,32.77,911,887.5951334200663
1389,32.79,923,886.5985461902151
1390,32.81,931,885.6070347923146
1391,32.83,926,884.6206066910145
1392,32.85,894,883.6392691871188
1393,32.87,939,882.6630294185134
1394,32.89,858,881.6918943591422
1395,32.91,944,880.725870818439
1396,32.93,901,879.7649654415063
1397,32.95,924,878.8091847090427
1398,32.97,904,877.8585349368955
1399,32.99,918,876.9130222750236
1400,33.01,887,875.9726527088433
1401,33.03,911,875.0374320576539
1402,33.05,900,874.10736597508
1403,33.07,962,873.1824599479496
1404,33.09,900,872.2627192975683
1405,33.11,888,871.3481491781295
1406,33.13,965,870.4387545770496
1407,33.15,990,869.534540314628
1408,33.17,865,868.6355110439772
1409,33.19,898,867.7416712505847
1410,33.21,913,866.8530252522983
1411,33.23,961,865.9695771988918
1412,33.25,871,865.0913310721389
1413,33.27,923,864.2182906853982
1414,33.29,929,863.3504596837083
1415,33.31,969,862.4878415427156
1416,33.33,926,861.6304395700026
1417,33.35,950,860.7782569036108
1418,33.37,949,859.9312965119266
1419,33.39,914,859.0895611944497
1420,33.41,901,858.2530535808705
1421,33.43,909,857.4217761304649
1422,33.45,888,856.595731133747
1423,33.47,894,855.7749207099632
1424,33.49,974,854.9593468085568
1425,33.51,921,854.1490112083093
1426,33.53,875,853.3439155176288
1427,33.55,875,852.5440611736512
1428,33.57,980,851.7494494431926
1429,33.59,925,850.9600814218384
1430,33.61,919,850.175958033587
1431,33.63,873,849.3970800318189
1432,33.65,881,848.6234479978439
1433,33.67,877,847.8550623417859
1434,33.69,923,847.0919233019163
1435,33.71,922,846.3340309448527
1436,33.73,907,845.5813851654007
1437,33.75,955,844.8339856856628
1438,33.77,879,844.0918320564501
1439,33.79,875,843.3549236556723
1440,33.81,881,842.6232596898817
1441,33.83,880,841.8968391919234
1442,33.85,924,841.1756610232987
1443,33.87,891,840.4597238722881
1444,33.89,856,839.7490262550282
1445,33.91,925,839.0435665142577
1446,33.93,932,838.3433428208309
1447,33.95,915,837.6483531713038
1448,33.97,884,836.958595391171
1449,33.99,894,836.2740671314282
1450,34.01,908,835.5947658708519
1451,34.03,918,834.9206889152647
1452,34.05,890,834.2518333961489
1453,34.07,906,833.588196273537
1454,34.09,860,832.9297743332022
1455,34.11,938,832.2765641877686
1456,34.13,919,831.6285622769578
1457,34.15,896,830.9857648672637
1458,34.17,900,830.3481680512664
1459,34.19,894,829.715767748839
1460,34.21,936,829.0885597064612
1461,34.23,887,828.466539497218
1462,34.25,856,827.8497025208703
1463,34.27,892,827.2380440037796
1464,34.29,871,826.631558999075
1465,34.31,900,826.0302423866915
1466,34.33,908,825.4340888732763
1467,34.35,905,824.8430929921965
1468,34.37,879,824.2572491033343
1469,34.39,849,823.6765513940959
1470,34.41,924,823.1009938779744
1471,34.43,913,822.5305703956165
1472,34.45,931,821.9652746146371
1473,34.47,905,821.4051000295076
1474,34.49,950,820.850039962158
1475,34.51,937,820.3000875612661
1476,34.53,877,819.7552358022144
1477,34.55,934,819.2154774886258
1478,34.57,855,818.680805250654
1479,34.59,908,818.1512115462033
1480,34.61,895,817.6266886600501
1481,34.63,927,817.1072287054494
1482,34.65,934,816.5928236223936
1483,34.67,946,816.0834651790879
1484,34.69,935,815.5791449715116
1485,34.71,913,815.079854423318
1486,34.73,972,814.5855847864314
1487,34.75,893,814.0963271410396
1488,34.77,956,813.6120723954295
1489,34.79,912,813.1328112858405
1490,34.81,893,812.6585343778911
1491,34.83,918,812.1892320653601
1492,34.85,918,811.724894570667
1493,34.87,882,811.2655119456081
1494,34.89,890,810.8110740706084
1495,34.91,893,810.3615706558976
1496,34.93,877,809.9169912403577
1497,34.95,891,809.477325192965
1498,34.97,942,809.0425617121723
1499,34.99,869,808.6126898262769
1500,35.01,882,808.1876983941438
1501,35.03,896,807.7675761042706
1502,35.05,894,807.352311475539
1503,35.07,894,806.9418928581927
1504,35.09,879,806.5363084322908
1505,35.11,877,806.1355462098049
1506,35.13,918,805.7395940333804
1507,35.15,917,805.3484395770784
1508,35.17,881,804.9620703470828
1509,35.19,845,804.5804736809091
1510,35.21,858,804.203636748633
1511,35.23,859,803.831546552055
1512,35.25,894,803.4641899262729
1513,35.27,846,803.1015535384831
1514,35.29,858,802.7436238893829
1515,35.31,860,802.3903873126851
1516,35.33,880,802.0418299758385
1517,35.35,880,801.697937880062
1518,35.37,955,801.3586968604536
1519,35.39,854,801.024092586922
1520,35.41,845,800.6941105632595
1521,35.43,954,800.3687361288453
1522,35.45,842,800.047954457782
1523,35.47,861,799.7317505599603
1524,35.49,896,799.420109280953
1525,35.51,814,799.1130153023951
1526,35.53,830,798.8104531419826
1527,35.55,861,798.512407154512
1528,35.57,820,798.2188615317118
1529,35.59,907,797.9298003026065
1530,35.61,826,797.645207333871
1531,35.63,825,797.3650663298813
1532,35.65,905,797.0893608336896
1533,35.67,889,796.8180742269169
1534,35.69,868,796.55118973038
1535,35.71,834,796.2886904039401
1536,35.73,869,796.0305591470087
1537,35.75,817,795.7767786998434
1538,35.77,843,795.5273316425746
1539,35.79,831,795.2822003961924
1540,35.81,848,795.0413672231502
1541,35.83,876,794.8048142270454
1542,35.85,850,794.5725233538496
1543,35.87,869,794.3444763922971
1544,35.89,826,794.1206549724188
1545,35.91,800,793.9010405695417
1546,35.93,857,793.685614500695
1547,35.95,856,793.4743579283108
1548,35.97,853,793.2672518581617
1549,35.99,823,793.0642771417088
1550,36.01,815,792.8654144753609
1551,36.03,861,792.670644401288
1552,36.05,847,792.4799473076282
1553,36.07,839,792.2933034297903
1554,36.09,844,792.1106928496433
1555,36.11,850,791.9320954968475
1556,36.13,834,791.7574911490415
1557,36.15,845,791.5868594323529
1558,36.17,881,791.4201798219142
1559,36.19,848,791.2574316426526
1560,36.21,880,791.0985940685341
1561,36.23,831,790.943646124716
1562,36.25,870,790.7925666869555
1563,36.27,826,790.6453344824904
1564,36.29,795,790.5019280909319
1565,36.31,825,790.3623259438232
1566,36.33,816,790.226506325514
1567,36.35,796,790.0944473746358
1568,36.37,799,789.9661270831157
1569,36.39,792,789.8415232979246
1570,36.41,859,789.7206137211169
1571,36.43,810,789.6033759101233
1572,36.45,777,789.4897872789311
1573,36.47,892,789.3798250982982
1574,36.49,836,789.2734664960653
1575,36.51,863,789.1706884581131
1576,36.53,875,789.0714678292643
1577,36.55,839,788.9757813128713
1578,36.57,779,788.883605472302
1579,36.59,771,788.7949167311772
1580,36.61,897,788.7096913737009
1581,36.63,809,788.6279055461114
1582,36.65,826,788.5495352564449
1583,36.67,830,788.4745563751007
1584,36.69,812,788.4029446369041
1585,36.71,817,788.3346756394462
1586,36.73,759,788.2697248454119
1587,36.75,790,788.2080675834936
1588,36.77,826,788.1496790469928
1589,36.79,792,788.0945342966152
1590,36.81,810,788.0426082604126
1591,36.83,831,787.9938757335676
1592,36.85,850,787.94831138059
1593,36.87,803,787.905889734634
1594,36.89,803,787.8665851994588
1595,36.91,799,787.8303720489466
1596,36.93,784,787.7972244283437
1597,36.95,778,787.767116354888
1598,36.97,811,787.7400217192676
1599,36.99,796,787.715914284267
1600,37.01,831,787.6947676878594
1601,37.03,776,787.6765554428334
1602,37.05,827,787.6612509373517
1603,37.07,777,787.6488274356166
1604,37.09,799,787.6392580796919
1605,37.11,857,787.6325158888571
1606,37.13,787,787.628573761373
1607,37.15,831,787.6274044750321
1608,37.17,754,787.6289806870905
1609,37.19,827,787.6332749359653
1610,37.21,813,787.6402596424
1611,37.23,756,787.6499071092521
1612,37.25,841,787.6621895221497
1613,37.27,770,787.6770789514812
1614,37.29,784,787.6945473521841
1615,37.31,790,787.7145665650623
1616,37.33,791,787.7371083172129
1617,37.35,816,787.7621442232899
1618,37.37,782,787.7896457862807
1619,37.39,792,787.8195843976755
1620,37.41,798,787.8519313390666
1621,37.43,812,787.8866577831218
1622,37.45,814,787.9237347930944
1623,37.47,783,787.9631333259636
1624,37.49,817,788.0048242311227
1625,37.51,793,788.0487782519958
1626,37.53,790,788.0949660278193
1627,37.55,775,788.1433580933594
1628,37.57,817,788.1939248798476
1629,37.59,805,788.2466367166262
1630,37.61,838,788.3014638316436
1631,37.63,842,788.3583763525207
1632,37.65,783,788.4173443071131
1633,37.67,800,788.4783376249416
1634,37.69,801,788.5413261370018
1635,37.71,820,788.6062795791495
1636,37.73,724,788.6731675897181
1637,37.75,812,788.7419597133035
1638,37.77,830,788.8126254004737
1639,37.79,756,788.8851340085412
1640,37.81,769,788.9594548030705
1641,37.83,800,789.0355569583526
1642,37.85,772,789.1134095593693
1643,37.87,796,789.1929816013658
1644,37.89,764,789.2742419922365
1645,37.91,790,789.3571595522694
1646,37.93,756,789.4417030160985
1647,37.95,827,789.5278410336869
1648,37.97,851,789.6155421703779
1649,37.99,848,789.704774909183
1650,38.01,832,789.795507650781
1651,38.03,794,789.887708715074
1652,38.05,814,789.9813463426995
1653,38.07,773,790.0763886952855
1654,38.09,750,790.1728038563565
1655,38.11,739,790.2705598336274
1656,38.13,785,790.3696245580904
1657,38.15,804,790.4699658878899
1658,38.17,825,790.5715516066925
1659,38.19,788,790.6743494259417
1660,38.21,797,790.7783269867764
1661,38.23,751,790.883451859469
1662,38.25,806,790.9896915455602
1663,38.27,771,791.0970134793201
1664,38.29,744,791.2053850271041
1665,38.31,798,791.3147734913473
1666,38.33,787,791.4251461090948
1667,38.35,805,791.536470054195
1668,38.37,826,791.6487124383984
1669,38.39,796,791.7618403133888
1670,38.41,803,791.875820669949
1671,38.43,769,791.9906204412373
1672,38.45,790,792.1062065021324
1673,38.47,849,792.2225456723259
1674,38.49,793,792.3396047157457
1675,38.51,782,792.4573503428192
1676,38.53,762,792.5757492111397
1677,38.55,769,792.694767927665
1678,38.57,802,792.8143730484067
1679,38.59,762,792.934531081336
1680,38.61,749,793.0552084856072
1681,38.63,777,793.176371675459
1682,38.65,795,793.2979870186609
1683,38.67,772,793.4200208397251
1684,38.69,765,793.5424394206725
1685,38.71,814,793.6652090012726
1686,38.73,798,793.7882957830539
1687,38.75,747,793.9116659268075
1688,38.77,745,794.0352855570432
1689,38.79,753,794.1591207619394
1690,38.81,759,794.2831375938081
1691,38.83,774,794.4073020733072
1692,38.85,744,794.5315801871516
1693,38.87,762,794.6559378919569
1694,38.89,758,794.7803411152854
1695,38.91,743,794.9047557553645
1696,38.93,774,795.0291476839056
1697,38.95,764,795.1534827478554
1698,38.97,766,795.2777267690799
1699,38.99,735,795.4018455477267
1700,39.01,777,795.525804861677
1701,39.03,771,795.6495704693798
1702,39.05,758,795.7731081103743
1703,39.07,789,795.8963835072982
1704,39.09,741,796.0193623672671
1705,39.11,734,796.1420103823002
1706,39.13,711,796.2642932318254
1707,39.15,735,796.3861765842657
1708,39.17,767,796.5076260975325
1709,39.19,782,796.6286074208856
1710,39.21,732,796.749086197186
1711,39.23,813,796.869028062129
1712,39.25,771,796.9883986489785
1713,39.27,793,797.1071635871858
1714,39.29,817,797.2252885051062
1715,39.31,772,797.3427390314168
1716,39.33,753,797.4594807968642
1717,39.35,738,797.5754794346517
1718,39.37,785,797.6907005841163
1719,39.39,754,797.8051098889746
1720,39.41,746,797.9186730025795
1721,39.43,809,798.0313555868383
1722,39.45,793,798.1431233141138
1723,39.47,796,798.2539418702013
1724,39.49,749,798.3637769538627
1725,39.51,767,798.4725942807918
1726,39.53,781,798.5803595823554
1727,39.55,749,798.6870386097262
1728,39.57,736,798.7925971337959
1729,39.59,774,798.8970009475711
1730,39.61,758,799.0002158675015
1731,39.63,775,799.1022077352586
1732,39.65,757,799.2029424195157
1733,39.67,728,799.3023858168467
1734,39.69,757,799.4005038541159
1735,39.71,784,799.4972624898214
1736,39.73,758,799.5926277154326
1737,39.75,759,799.6865655577217
1738,39.77,737,799.7790420803935
1739,39.79,788,799.8700233847112
1740,39.81,750,799.9594756120878
1741,39.83,753,800.0473649462956
1742,39.85,768,800.133657613796
1743,39.87,784,800.2183198861653
1744,39.89,743,800.3013180821063
1745,39.91,734,800.3826185679732
1746,39.93,755,800.4621877612913
1747,39.95,735,800.5399921316362
1748,39.97,803,800.6159982010026
1749,39.99,765,800.690172548042
1750,40.01,800,800.76248180823
1751,40.03,810,800.8328926761892
1752,40.05,822,800.901371906622
1753,40.07,782,800.9678863173453
1754,40.09,711,801.0324027905904
1755,40.11,743,801.0948882741891
1756,40.13,748,801.1553097840565
1757,40.15,720,801.2136344061869
1758,40.17,758,801.2698292975692
1759,40.19,756,801.3238616889989
1760,40.21,751,801.3756988865603
1761,40.23,747,801.4253082724799
1762,40.25,755,801.4726573091289
1763,40.27,735,801.5177135390882
1764,40.29,771,801.5604445869594
1765,40.31,784,801.6008181628222
1766,40.33,747,801.6388020625059
1767,40.35,766,801.6743641707594
1768,40.37,770,801.707472461881
1769,40.39,748,801.7380950018887
1770,40.41,807,801.7661999525003
1771,40.43,789,801.791755569729
1772,40.45,793,801.8147302074844
1773,40.47,780,801.835092320945
1774,40.49,744,801.8528104648453
1775,40.51,740,801.8678532998779
1776,40.53,743,801.8801895910128
1777,40.55,770,801.8897882110759
1778,40.57,761,801.8966181423207
1779,40.59,753,801.9006484793263
1780,40.61,792,801.9018484299359
1781,40.63,691,801.9001873172288
1782,40.65,729,801.895634581811
1783,40.67,771,801.8881597854452
1784,40.69,704,801.8777326098416
1785,40.71,783,801.8643228604869
1786,40.73,741,801.8479004697533
1787,40.75,755,801.8284354970078
1788,40.77,738,801.8058981319227
1789,40.79,741,801.7802586955013
1790,40.81,792,801.7514876431333
1791,40.83,721,801.7195555665244
1792,40.85,704,801.6844331955604
1793,40.87,758,801.6460913997034
1794,40.89,750,801.6045011916749
1795,40.91,790,801.5596337286788
1796,40.93,742,801.5114603140655
1797,40.95,688,801.4599524000364
1798,40.97,749,801.40508159009
1799,40.99,744,801.3468196409772
1800,41.01,757,801.2851384641976
1801,41.03,777,801.220010128819
1802,41.05,771,801.1514068639244
1803,41.07,773,801.0793010591342
1804,41.09,752,801.0036652707031
1805,41.11,760,800.924472217655
1806,41.13,707,800.841694790337
1807,41.15,739,800.7553060478235
1808,41.17,761,800.6652792227164
1809,41.19,770,800.5715877235143
1810,41.21,783,800.4742051349622
1811,41.23,735,800.3731052211506
1812,41.25,754,800.2682619295501
1813,41.27,734,800.1596493902698
1814,41.29,721,800.0472419204971
1815,41.31,752,799.9310140261041
1816,41.33,710,799.8109404034835
1817,41.35,772,799.6869959433457
1818,41.37,735,799.5591557316034
1819,41.39,788,799.4273950513148
1820,41.41,735,799.291689386524
1821,41.43,714,799.1520144232209
1822,41.45,732,799.0083460543569
1823,41.47,764,798.8606603776748
1824,41.49,780,798.7089337025805
1825,41.51,773,798.5531425481722
1826,41.53,795,798.3932636511108
1827,41.55,772,798.2292739624868
1828,41.57,762,798.0611506537775
1829,41.59,777,797.8888711172744
1830,41.61,755,797.712412970629
1831,41.63,727,797.5317540564424
1832,41.65,746,797.3468724475097
1833,41.67,736,797.1577464473012
1834,41.69,741,796.9643545930617
1835,41.71,761,796.7666756589201
1836,41.73,772,796.5646886576556
1837,41.75,729,796.3583728422118
1838,41.77,709,796.1477077115869
1839,41.79,744,795.9326730082626
1840,41.81,764,795.7132487252397
1841,41.83,759,795.4894151066956
1842,41.85,693,795.2611526490482
1843,41.87,750,795.0284421079709
1844,41.89,771,794.7912644946741
1845,41.91,691,794.5496010837333
1846,41.93,762,794.303433414093
1847,41.95,800,794.0527432886411
1848,41.97,730,793.7975127829441
1849,41.99,716,793.5377242414038
1850,42.01,777,793.2733602842027
1851,42.03,751,793.004403807643
1852,42.05,774,792.7308379884917
1853,42.07,779,792.4526462844033
1854,42.09,722,792.1698124391924
1855,42.11,700,791.8823204827236
1856,42.13,765,791.5901547355852
1857,42.15,757,791.2932998116062
1858,42.17,690,790.9917406190152
1859,42.19,707,790.685462364258
1860,42.21,725,790.3744505556256
1861,42.23,752,790.0586910038323
1862,42.25,760,789.738169825358
1863,42.27,742,789.4128734463284
1864,42.29,730,789.0827886047737
1865,42.31,742,788.7479023520286
1866,42.33,735,788.4082020573819
1867,42.35,732,788.0636754090269
1868,42.37,759,787.7143104185575
1869,42.39,744,787.3600954228527
1870,42.41,766,787.0010190859398
1871,42.43,744,786.6370704038559
1872,42.45,750,786.2682387063501
1873,42.47,747,785.8945136582447
1874,42.49,693,785.5158852656427
1875,42.51,745,785.1323438751947
1876,42.53,769,784.7438801790408
1877,42.55,777,784.3504852176575
1878,42.57,742,783.9521503821561
1879,42.59,732,783.54886741583
1880,42.61,727,783.140628419872
1881,42.63,741,782.7274258539251
1882,42.65,722,782.3092525404963
1883,42.67,777,781.8861016664696
1884,42.69,770,781.4579667868675
1885,42.71,800,781.0248418279862
1886,42.73,700,780.5867210896254
1887,42.75,783,780.143599248242
1888,42.77,717,779.6954713602308
1889,42.79,714,779.2423328637801
1890,42.81,739,778.7841795849718
1891,42.83,714,778.3210077357617
1892,42.85,748,777.8528139208474
1893,42.87,790,777.3795951398588
1894,42.89,735,776.9013487895886
1895,42.91,776,776.4180726679197
1896,42.93,740,775.9297649750238
1897,42.95,686,775.4364243183554
1898,42.97,692,774.9380497160764
1899,42.99,738,774.434640598131
1900,43.01,754,773.9261968098272
1901,43.03,775,773.4127186164419
1902,43.05,743,772.89420670343
1903,43.07,725,772.3706621832916
1904,43.09,710,771.8420865956145
1905,43.11,765,771.3084819109063
1906,43.13,747,770.769850535286
1907,43.15,758,770.2261953106017
1908,43.17,721,769.6775195201903
1909,43.19,739,769.1238268912844
1910,43.21,714,768.5651215975736
1911,43.23,766,768.0014082635607
1912,43.25,746,767.4326919664227
1913,43.27,724,766.8589782391946
1914,43.29,754,766.2802730755989
1915,43.31,739,765.6965829315136
1916,43.33,766,765.1079147289561
1917,43.35,769,764.5142758599345
1918,43.37,700,763.9156741872489
1919,43.39,721,763.3121180515682
1920,43.41,713,762.7036162705663
1921,43.43,750,762.0901781456464
1922,43.45,687,761.4718134623786
1923,43.47,741,760.8485324967132
1924,43.49,732,760.2203460154278
1925,43.51,723,759.5872652817602
1926,43.53,701,758.9493020558807
1927,43.55,743,758.3064686016623
1928,43.57,734,757.6587776881352
1929,43.59,723,757.0062425926994
1930,43.61,737,756.3488771040556
1931,43.63,706,755.686695527284
1932,43.65,708,755.0197126867852
1933,43.67,696,754.347943927593
1934,43.69,772,753.6714051212243
1935,43.71,712,752.9901126682807
1936,43.73,691,752.3040835009147
1937,43.75,758,751.6133350882114
1938,43.77,691,750.9178854370157
1939,43.79,675,750.2177530981335
1940,43.81,690,749.5129571688221
1941,43.83,726,748.8035172935274
1942,43.85,664,748.0894536720516
1943,43.87,725,747.3707870603675
1944,43.89,724,746.6475387733253
1945,43.91,768,745.9197306906162
1946,43.93,728,745.1873852581361
1947,43.95,706,744.4505254924056
1948,43.97,692,743.7091749846195
1949,43.99,726,742.9633579021393
1950,44.01,686,742.2130989957864
1951,44.03,744,741.4584235994575
1952,44.05,707,740.6993576349596
1953,44.07,720,739.9359276174505
1954,44.09,713,739.1681606572151
1955,44.11,756,738.3960844628982
1956,44.13,765,737.6197273463185
1957,44.15,737,736.8391182246846
1958,44.17,694,736.0542866271999
1959,44.19,677,735.2652626949439
1960,44.21,783,734.4720771870857
1961,44.23,730,733.6747614827182
1962,44.25,719,732.8733475869058
1963,44.27,712,732.0678681318946
1964,44.29,701,731.2583563818821
1965,44.31,754,730.4448462379646
1966,44.33,727,729.6273722398241
1967,44.35,748,728.8059695694569
1968,44.37,694,727.9806740570666
1969,44.39,731,727.1515221825039
1970,44.41,727,726.318551080336
1971,44.43,724,725.4817985436293
1972,44.45,749,724.6413030271119
1973,44.47,755,723.797103650078
1974,44.49,764,722.9492402041374
1975,44.51,792,722.0977531502244
1976,44.53,686,721.2426836299924
1977,44.55,734,720.3840734640194
1978,44.57,671,719.5219651579118
1979,44.59,678,718.6564019066063
1980,44.61,765,717.7874275978293
1981,44.63,678,716.9150868141496
1982,44.65,720,716.0394248397133
1983,44.67,729,715.1604876613756
1984,44.69,686,714.2783219762928
1985,44.71,749,713.3929751921314
1986,44.73,702,712.5044954317627
1987,44.75,779,711.6129315390499
1988,44.77,785,710.7183330819221
1989,44.79,675,709.8207503553763
1990,44.81,728,708.9202343858042
1991,44.83,730,708.0168369346834
1992,44.85,723,707.1106105060894
1993,44.87,693,706.2016083448184
1994,44.89,718,705.2898844438851
1995,44.91,706,704.3754935486099
1996,44.93,705,703.4584911600864
1997,44.95,727,702.538933539025
1998,44.97,682,701.6168777098237
1999,44.99,708,700.6923814632928
2000,45.01,670,699.7655033662245
2001,45.03,770,698.8363027574114
2002,45.05,692,697.9048397572874
2003,45.07,732,696.9711752702106
2004,45.09,710,696.0353709894998
2005,45.11,668,695.0974894009778
2006,45.13,703,694.1575937865769
2007,45.15,698,693.2157482286611
2008,45.17,702,692.2720176161965
2009,45.19,716,691.3264676442891
2010,45.21,680,690.3791648251613
2011,45.23,713,689.430176484836
2012,45.25,710,688.4795707731519
2013,45.27,702,687.5274166658369
2014,45.29,740,686.5737839674939
2015,45.31,699,685.6187433183627
2016,45.33,677,684.6623661971694
2017,45.35,680,683.7047249234074
2018,45.37,720,682.7458926670147
2019,45.39,713,681.7859434471156
2020,45.41,699,680.8249521388798
2021,45.43,654,679.8629944776667
2022,45.45,659,678.9001470640715
2023,45.47,668,677.9364873661561
2024,45.49,758,676.9720937247657
2025,45.51,697,676.0070453583776
2026,45.53,741,675.0414223682083
2027,45.55,716,674.0753057400198
2028,45.57,716,673.1087773511917
2029,45.59,732,672.1419199728161
2030,45.61,679,671.1748172747866
2031,45.63,703,670.2075538339295
2032,45.65,634,669.240215131158
2033,45.67,669,668.2728875611137
2034,45.69,701,667.305658437248
2035,45.71,703,666.3386159915162
2036,45.73,688,665.3718493839469
2037,45.75,679,664.4054487036019
2038,45.77,689,663.4395049747318
2039,45.79,671,662.474110161952
2040,45.81,681,661.5093571716443
2041,45.83,695,660.5453398596401
2042,45.85,706,659.5821530366366
2043,45.87,663,658.6198924657592
2044,45.89,697,657.6586548774321
2045,45.91,658,656.698537966573
2046,45.93,699,655.7396403975999
2047,45.95,723,654.7820618131263
2048,45.97,685,653.8259028357652
2049,45.99,654,652.8712650715042
2050,46.01,683,651.9182511180215
2051,46.03,686,650.9669645643462
2052,46.05,656,650.0175100014012
2053,46.07,688,649.0699930227138
2054,46.09,693,648.124520229675
2055,46.11,677,647.1811992348294
2056,46.13,682,646.2401386722913
2057,46.15,710,645.3014481951705
2058,46.17,658,644.3652384853222
2059,46.19,665,643.4316212542562
2060,46.21,676,642.5007092525921
2061,46.23,695,641.5726162701976
2062,46.25,664,640.6474571440622
2063,46.27,705,639.7253477616123
2064,46.29,657,638.8064050643898
2065,46.31,676,637.8907470567283
2066,46.33,668,636.9784928078025
2067,46.35,652,636.0697624533368
2068,46.37,640,635.164677209048
2069,46.39,675,634.2633593661913
2070,46.41,625,633.3659323025231
2071,46.43,645,632.4725204836932
2072,46.45,649,631.5832494707538
2073,46.47,707,630.698245924953
2074,46.49,696,629.8176376086603
2075,46.51,670,628.9415533948531
2076,46.53,676,628.0701232713809
2077,46.55,696,627.2034783422414
2078,46.57,666,626.3417508382945
2079,46.59,662,625.4850741164037
2080,46.61,649,624.6335826675022
2081,46.63,609,623.7874121236046
2082,46.65,721,622.9466992576436
2083,46.67,662,622.1115819916113
2084,46.69,621,621.28219940287
2085,46.71,660,620.4586917260767
2086,46.73,617,619.641200359616
2087,46.75,626,618.8298678702922
2088,46.77,678,618.0248380013736
2089,46.79,701,617.2262556707947
2090,46.81,685,616.4342669839689
2091,46.83,637,615.6490192350348
2092,46.85,640,614.8706609099245
2093,46.87,620,614.0993416961583
2094,46.89,658,613.3352124859084
2095,46.91,668,612.578425379621
2096,46.93,686,611.8291336933335
2097,46.95,629,611.0874919628859
2098,46.97,666,610.353655948461
2099,46.99,700,609.6277826427395
2100,47.01,698,608.9100302714141
2101,47.03,697,608.2005583026794
2102,47.05,652,607.4995274502689
2103,47.07,611,606.8070996786782
2104,47.09,652,606.1234382102466
2105,47.11,645,605.4487075264697
2106,47.13,665,604.7830733776818
2107,47.15,644,604.1267027879649
2108,47.17,644,603.4797640563365
2109,47.19,676,602.8424267651508
2110,47.21,638,602.2148617874982
2111,47.23,644,601.5972412862175
2112,47.25,672,600.9897387267301
2113,47.27,613,600.3925288763212
2114,47.29,651,599.805787812541
2115,47.31,617,599.2296929296335
2116,47.33,637,598.6644229410449
2117,47.35,623,598.1101578845837
2118,47.37,647,597.5670791319253
2119,47.39,643,597.0353693894731
2120,47.41,662,596.5152127075016
2121,47.43,656,596.0067944840102
2122,47.45,629,595.5103014680162
2123,47.47,658,595.0259217688299
2124,47.49,634,594.5538448593943
2125,47.51,656,594.0942615825334
2126,47.53,656,593.6473641566135
2127,47.55,652,593.2133461782823
2128,47.57,639,592.792402633775
2129,47.59,617,592.3847298995615
2130,47.61,629,591.9905257485389
2131,47.63,648,591.6099893569854
2132,47.65,676,591.2433213103477
2133,47.67,631,590.8907236091563
2134,47.69,631,590.5523996711236
2135,47.71,625,590.2285543395938
2136,47.73,644,589.9193938924263
2137,47.75,605,589.6251260401596
2138,47.77,687,589.3459599368525
2139,47.79,628,589.0821061858542
2140,47.81,664,588.8337768416268
2141,47.83,688,588.60118542086
2142,47.85,628,588.3845469039306
2143,47.87,660,588.1840777410098
2144,47.89,604,587.9999958626076
2145,47.91,650,587.832520676734
2146,47.93,615,587.6818730822979
2147,47.95,639,587.5482754719897
2148,47.97,611,587.4319517373124
2149,47.99,684,587.3331272765226
2150,48.01,612,587.2520289979657
2151,48.03,657,587.1888853276578
2152,48.05,619,587.1439262143022
2153,48.07,648,587.1173831354545
2154,48.09,631,587.1094891037219
2155,48.11,577,587.120478672201
2156,48.13,605,587.1505879402584
2157,48.15,588,587.2000545594346
2158,48.17,639,587.2691177396055
2159,48.19,617,587.3580182560336
2160,48.21,639,587.4669984529573
2161,48.23,614,587.5963022500309
2162,48.25,596,587.7461751511191
2163,48.27,656,587.9168642456189
2164,48.29,642,588.1086182195941
2165,48.31,615,588.3216873572082
2166,48.33,612,588.5563235484587
2167,48.35,627,588.8127802984382
2168,48.37,614,589.0913127268841
2169,48.39,642,589.3921775790868
2170,48.41,668,589.7156332308687
2171,48.43,636,590.0619396956145
2172,48.45,593,590.431358625633
2173,48.47,607,590.8241533252167
2174,48.49,624,591.2405887515179
2175,48.51,634,591.6809315230439
2176,48.53,649,592.1454499255915
2177,48.55,633,592.6344139173634
2178,48.57,634,593.1480951372023
2179,48.59,573,593.6867669065477
2180,48.61,615,594.2507042420584
2181,48.63,612,594.8401838561467
2182,48.65,573,595.4554841653726
2183,48.67,621,596.0968852972383
2184,48.69,619,596.764669097146
2185,48.71,638,597.459119128509
2186,48.73,637,598.1805206906165
2187,48.75,608,598.9291608116873
2188,48.77,592,599.7053282668458
2189,48.79,604,600.5093135769575
2190,48.81,601,601.3414090167707
2191,48.83,582,602.2019086216533
2192,48.85,647,603.0911081963386
2193,48.87,637,604.0093053163764
2194,48.89,658,604.9567993369619
2195,48.91,645,605.9338914018417
2196,48.93,622,606.9408844462068
2197,48.95,585,607.9780832032766
2198,48.97,570,609.0457942136691
2199,48.99,577,610.1443258266672
2200,49.01,620,611.2739882127617
2201,49.03,613,612.4350933668729
2202,49.05,632,613.627955114217
2203,49.07,586,614.8528891173264
2204,49.09,633,616.1102128863904
2205,49.11,607,617.4002457771066
2206,49.13,580,618.7233090071677
2207,49.15,578,620.0797256559226
2208,49.17,602,621.4698206720468
2209,49.19,578,622.8939208849979
2210,49.21,620,624.3523550047448
2211,49.23,598,625.845453631362
2212,49.25,638,627.3735492644437
2213,49.27,600,628.9369763027789
2214,49.29,610,630.5360710602436
2215,49.31,603,632.1711717629669
2216,49.33,623,633.8426185639619
2217,49.35,608,635.5507535436118
2218,49.37,622,637.2959207217855
2219,49.39,577,639.07846605955
2220,49.41,608,640.8987374686894
2221,49.43,590,642.757084817451
2222,49.45,572,644.6538599408696
2223,49.47,622,646.5894166417193
2224,49.49,590,648.564110698585
2225,49.51,618,650.578299876719
2226,49.53,605,652.6323439322214
2227,49.55,519,654.726604617982
2228,49.57,646,656.8614456900268
2229,49.59,642,659.0372329170841
2230,49.61,647,661.2543340873608
2231,49.63,623,663.5131190122856
2232,49.65,522,665.8139595354478
2233,49.67,562,668.1572295385686
2234,49.69,599,670.543304950681
2235,49.71,576,672.9725637520933
2236,49.73,606,675.4453859840223
2237,49.75,580,677.9621537520516
2238,49.77,527,680.5232512392386
2239,49.79,577,683.1290647029496
2240,49.81,565,685.7799824947547
2241,49.83,579,688.4763950552415
2242,49.85,572,691.2186949281663
2243,49.87,599,694.0072767680495
2244,49.89,643,696.8425373413816
2245,49.91,585,699.7248755401733
2246,49.93,617,702.6546923854089
2247,49.95,573,705.6323910312176
2248,49.97,614,708.6583767831958
2249,49.99,584,711.7330570895529
