,x,y,y_pred
0,5.01,1788,2070.571399905155
1,5.03,1832,2063.9801664240886
2,5.05,1675,2057.455090219384
3,5.07,1788,2050.9959223730457
4,5.09,1729,2044.6024141793287
5,5.11,1805,2038.2743171464108
6,5.13,1771,2032.0113829980573
7,5.15,1797,2025.8133636752764
8,5.17,1764,2019.6800113379695
9,5.19,1873,2013.6110783665745
10,5.21,1763,2007.6063173637085
11,5.23,1765,2001.66548115579
12,5.25,1730,1995.788322794674
13,5.27,1792,1989.9745955592634
14,5.29,1804,1984.2240529571227
15,5.31,1762,1978.5364487260867
16,5.33,1745,1972.9115368358553
17,5.35,1825,1967.3490714895906
18,5.37,1744,1961.8488071254997
19,5.39,1764,1956.4104984184178
20,5.41,1832,1951.0339002813807
21,5.43,1890,1945.7187678671953
22,5.45,1823,1940.4648565699963
23,5.47,1803,1935.2719220268045
24,5.49,1820,1930.1397201190748
25,5.51,1773,1925.0680069742375
26,5.53,1799,1920.0565389672365
27,5.55,1705,1915.1050727220554
28,5.57,1762,1910.2133651132463
29,5.59,1764,1905.381173267444
30,5.61,1879,1900.6082545648742
31,5.63,1798,1895.894366640865
32,5.65,1781,1891.23926738734
33,5.67,1805,1886.6427149543115
34,5.69,1726,1882.10446775137
35,5.71,1799,1877.624284449158
36,5.73,1851,1873.2019239808478
37,5.75,1838,1868.8371455436118
38,5.77,1802,1864.5297086000755
39,5.79,1770,1860.2793728797778
40,5.81,1786,1856.085898380622
41,5.83,1797,1851.9490453703102
42,5.85,1843,1847.8685743877913
43,5.87,1757,1843.8442462446792
44,5.89,1759,1839.8758220266882
45,5.91,1759,1835.9630630950423
46,5.93,1822,1832.1057310878905
47,5.95,1856,1828.303587921716
48,5.97,1792,1824.556395792727
49,5.99,1690,1820.8639171782615
50,6.01,1787,1817.2259148381636
51,6.03,1724,1813.642151816177
52,6.05,1855,1810.1123914413056
53,6.07,1849,1806.6363973291964
54,6.09,1845,1803.2139333834948
55,6.11,1812,1799.8447637972022
56,6.13,1875,1796.5286530540316
57,6.15,1731,1793.2653659297448
58,6.17,1763,1790.0546674935003
59,6.19,1855,1786.8963231091793
60,6.21,1757,1783.790098436716
61,6.23,1884,1780.7357594334144
62,6.25,1866,1777.7330723552723
63,6.27,1879,1774.7818037582765
64,6.29,1822,1771.881720499715
65,6.31,1832,1769.0325897394741
66,6.33,1902,1766.2341789413267
67,6.35,1742,1763.486255874216
68,6.37,1863,1760.7885886135327
69,6.39,1803,1758.1409455423982
70,6.41,1896,1755.5430953529176
71,6.43,1823,1752.9948070474493
72,6.45,1823,1750.4958499398617
73,6.47,1864,1748.045993656774
74,6.49,1817,1745.6450081388084
75,6.51,1841,1743.2926636418215
76,6.53,1915,1740.9887307381377
77,6.55,1851,1738.7329803177763
78,6.57,1843,1736.5251835896688
79,6.59,1817,1734.3651120828745
80,6.61,1818,1732.2525376477852
81,6.63,1876,1730.1872324573333
82,6.65,1931,1728.168969008184
83,6.67,1950,1726.197520121922
84,6.69,1889,1724.2726589462445
85,6.71,1810,1722.3941589561346
86,6.73,1761,1720.5617939550348
87,6.75,1830,1718.7753380760141
88,6.77,1847,1717.0345657829293
89,6.79,1816,1715.3392518715827
90,6.81,1756,1713.6891714708663
91,6.83,1881,1712.084100043914
92,6.85,1840,1710.5238133892317
93,6.87,1865,1709.0080876418324
94,6.89,1816,1707.5366992743666
95,6.91,1842,1706.109425098235
96,6.93,1761,1704.7260422647123
97,6.95,1837,1703.3863282660504
98,6.97,1859,1702.0900609365863
99,6.99,1848,1700.8370184538344
100,7.01,1840,1699.6269793395877
101,7.03,1888,1698.4597224609925
102,7.05,1817,1697.3350270316396
103,7.07,1843,1696.2526726126343
104,7.09,1881,1695.2124391136667
105,7.11,1813,1694.2141067940738
106,7.13,1917,1693.2574562639002
107,7.15,1789,1692.342268484952
108,7.17,1784,1691.4683247718358
109,7.19,1742,1690.6354067930097
110,7.21,1831,1689.843296571813
111,7.23,1880,1689.0917764874948
112,7.25,1826,1688.3806292762429
113,7.27,1844,1687.709638032199
114,7.29,1823,1687.078586208474
115,7.31,1831,1686.4872576181524
116,7.33,1798,1685.9354364352967
117,7.35,1797,1685.4229071959426
118,7.37,1801,1684.9494547990898
119,7.39,1783,1684.5148645076888
120,7.41,1771,1684.1189219496155
121,7.43,1792,1683.7614131186501
122,7.45,1892,1683.442124375444
123,7.47,1718,1683.160842448483
124,7.49,1861,1682.9173544350433
125,7.51,1824,1682.711447802143
126,7.53,1715,1682.5429103874958
127,7.55,1832,1682.4115304004372
128,7.57,1892,1682.3170964228739
129,7.59,1797,1682.2593974102065
130,7.61,1854,1682.2382226922591
131,7.63,1784,1682.253361974187
132,7.65,1861,1682.3046053374046
133,7.67,1851,1682.391743240485
134,7.69,1830,1682.5145665200616
135,7.71,1775,1682.672866391733
136,7.73,1865,1682.8664344509416
137,7.75,1776,1683.0950626738759
138,7.77,1786,1683.358543418337
139,7.79,1849,1683.6566694246221
140,7.81,1806,1683.9892338163954
141,7.83,1790,1684.3560301015432
142,7.85,1890,1684.7568521730454
143,7.87,1864,1685.1914943098245
144,7.89,1843,1685.6597511775853
145,7.91,1776,1686.1614178296732
146,7.93,1831,1686.6962897079038
147,7.95,1801,1687.2641626433942
148,7.97,1807,1687.8648328573927
149,7.99,1838,1688.4980969621001
150,8.01,1895,1689.163751961486
151,8.03,1805,1689.8615952520968
152,8.05,1874,1690.5914246238726
153,8.07,1781,1691.3530382609315
154,8.09,1891,1692.146234742374
155,8.11,1816,1692.9708130430772
156,8.13,1767,1693.8265725344672
157,8.15,1696,1694.713312985311
158,8.17,1804,1695.6308345624793
159,8.19,1827,1696.5789378317268
160,8.21,1780,1697.5574237584442
161,8.23,1832,1698.5660937084276
162,8.25,1802,1699.604749448622
163,8.27,1785,1700.6731931478762
164,8.29,1855,1701.7712273776824
165,8.31,1779,1702.898655112912
166,8.33,1856,1704.0552797325545
167,8.35,1863,1705.2409050204342
168,8.37,1850,1706.4553351659424
169,8.39,1843,1707.6983747647482
170,8.41,1977,1708.9698288195132
171,8.43,1747,1710.2695027405925
172,8.45,1763,1711.597202346742
173,8.47,1848,1712.9527338658163
174,8.49,1828,1714.3359039354473
175,8.51,1817,1715.7465196037456
176,8.53,1805,1717.1843883299707
177,8.55,1841,1718.6493179852105
178,8.57,1810,1720.1411168530512
179,8.59,1814,1721.659593630242
180,8.61,1830,1723.2045574273561
181,8.63,1777,1724.7758177694495
182,8.65,1890,1726.373184596705
183,8.67,1755,1727.9964682650761
184,8.69,1855,1729.64547954694
185,8.71,1824,1731.3200296317127
186,8.73,1926,1733.0199301264993
187,8.75,1800,1734.7449930567018
188,8.77,1860,1736.4950308666512
189,8.79,1884,1738.2698564202165
190,8.81,1813,1740.0692830014132
191,8.83,1808,1741.8931243150155
192,8.85,1818,1743.7411944871465
193,8.87,1816,1745.6133080658783
194,8.89,1868,1747.509280021828
195,8.91,1889,1749.4289257487253
196,8.93,1920,1751.3720610640094
197,8.95,1824,1753.3385022093962
198,8.97,1794,1755.328065851456
199,8.99,1889,1757.3405690821592
200,9.01,1744,1759.3758294194595
201,9.03,1794,1761.4336648078379
202,9.05,1820,1763.5138936188569
203,9.07,1804,1765.6163346516914
204,9.09,1844,1767.740807133694
205,9.11,1822,1769.887130720912
206,9.13,1907,1772.0551254986294
207,9.15,1812,1774.244611981877
208,9.17,1795,1776.4554111159732
209,9.19,1822,1778.687344277021
210,9.21,1887,1780.9402332724412
211,9.23,1866,1783.2139003414559
212,9.25,1887,1785.508168155604
213,9.27,1821,1787.8228598192345
214,9.29,1873,1790.1577988699955
215,9.31,1817,1792.5128092793275
216,9.33,1863,1794.8877154529455
217,9.35,1796,1797.2823422313004
218,9.37,1880,1799.69651489008
219,9.39,1910,1802.1300591406462
220,9.41,1802,1804.5828011305266
221,9.43,1884,1807.05456744385
222,9.45,1934,1809.545185101816
223,9.47,1860,1812.0544815631301
224,9.49,1925,1814.5822847244626
225,9.51,1895,1817.1284229208732
226,9.53,1824,1819.6927249262562
227,9.55,1894,1822.2750199537695
228,9.57,1864,1824.8751376562486
229,9.59,1844,1827.4929081266464
230,9.61,1814,1830.1281618984258
231,9.63,1897,1832.7807299459964
232,9.65,1886,1835.450443685094
233,9.67,1871,1838.1371349732062
234,9.69,1854,1840.8406361099542
235,9.71,1885,1843.5607798374904
236,9.73,1848,1846.2973993408887
237,9.75,1870,1849.050328248516
238,9.77,1960,1851.819400632431
239,9.79,1868,1854.6044510087368
240,9.81,1929,1857.4053143379651
241,9.83,1899,1860.2218260254313
242,9.85,1852,1863.0538219216014
243,9.87,1907,1865.9011383224433
244,9.89,1914,1868.7636119697745
245,9.91,1922,1871.6410800516196
246,9.93,1940,1874.5333802025389
247,9.95,1995,1877.4403505039745
248,9.97,1828,1880.3618294845728
249,9.99,1903,1883.2976561205305
250,10.01,1890,1886.2476698358996
251,10.03,1908,1889.211710502911
252,10.05,1843,1892.189618442295
253,10.07,1867,1895.1812344235905
254,10.09,1955,1898.1863996654329
255,10.11,1955,1901.2049558358867
256,10.13,1881,1904.2367450527136
257,10.15,1986,1907.2816098836738
258,10.17,1917,1910.339393346825
259,10.19,1954,1913.4099389107769
260,10.21,1948,1916.4930904950024
261,10.23,1904,1919.5886924700917
262,10.25,1925,1922.6965896580232
263,10.27,1880,1925.8166273324332
264,10.29,1884,1928.9486512188769
265,10.31,1972,1932.092507495081
266,10.33,2064,1935.248042791197
267,10.35,1986,1938.4151041900504
268,10.37,1874,1941.5935392273796
269,10.39,2026,1944.7831958920715
270,10.41,1908,1947.9839226264166
271,10.43,2006,1951.1955683263031
272,10.45,1963,1954.417982341478
273,10.47,1957,1957.651014475744
274,10.49,1941,1960.8945149871852
275,10.51,1989,1964.1483345883807
276,10.53,1879,1967.4123244466082
277,10.55,1971,1970.686336184057
278,10.57,1904,1973.9702218780076
279,10.59,1913,1977.2638340610483
280,10.61,1922,1980.5670257212569
281,10.63,1947,1983.879650302385
282,10.65,1923,1987.2015617040406
283,10.67,1918,1990.5326142818703
284,10.69,1952,1993.8726628477298
285,10.71,1905,1997.2215626698508
286,10.73,1959,2000.5791694730133
287,10.75,1920,2003.9453394386974
288,10.77,2035,2007.319929205245
289,10.79,1938,2010.702795868012
290,10.81,1965,2014.0937969795186
291,10.83,1907,2017.4927905495833
292,10.85,1924,2020.899635045469
293,10.87,1937,2024.3141893920274
294,10.89,1953,2027.7363129718133
295,10.91,1997,2031.165865625223
296,10.93,2041,2034.6027076506116
297,10.95,1917,2038.0466998044103
298,10.97,1881,2041.4977033012547
299,10.99,2035,2044.9555798140736
300,11.01,1991,2048.4201914742116
301,11.03,1983,2051.8914008715265
302,11.05,1984,2055.3690710544824
303,11.07,2105,2058.8530655302484
304,11.09,1940,2062.343248264785
305,11.11,1969,2065.839483682941
306,11.13,2011,2069.3416366685115
307,11.15,2053,2072.849572564337
308,11.17,2030,2076.3631571723727
309,11.19,2050,2079.882256753742
310,11.21,2045,2083.406738028826
311,11.23,2009,2086.936468177297
312,11.25,1978,2090.4713148382043
313,11.27,1986,2094.011146110006
314,11.29,2011,2097.555830550623
315,11.31,1977,2101.105237177484
316,11.33,1956,2104.659235467574
317,11.35,2037,2108.217695357461
318,11.37,2028,2111.780487243329
319,11.39,2020,2115.3474819810153
320,11.41,1964,2118.918550886022
321,11.43,2026,2122.4935657335554
322,11.45,2069,2126.072398758517
323,11.47,2008,2129.654922655549
324,11.49,2088,2133.241010579007
325,11.51,1926,2136.830536142995
326,11.53,2045,2140.4233734213485
327,11.55,1952,2144.0193969476404
328,11.57,1980,2147.6184817151643
329,11.59,2053,2151.2205031769354
330,11.61,2012,2154.82533724567
331,11.63,1981,2158.432860293762
332,11.65,2093,2162.0429491532714
333,11.67,2052,2165.655481115885
334,11.69,2017,2169.270333932898
335,11.71,2116,2172.8873858151665
336,11.73,2043,2176.506515433083
337,11.75,2052,2180.127601916526
338,11.77,2005,2183.750524854815
339,11.79,2112,2187.375164296661
340,11.81,2026,2191.0014007501177
341,11.83,2172,2194.6291151825153
342,11.85,2104,2198.2581890204037
343,11.87,2089,2201.8885041494877
344,11.89,2071,2205.519942914563
345,11.91,2037,2209.1523881194335
346,11.93,2047,2212.7857230268373
347,11.95,2160,2216.4198313583756
348,11.97,1990,2220.05459729441
349,11.99,2100,2223.6899054740024
350,12.01,2131,2227.325640994791
351,12.03,2192,2230.961689412926
352,12.05,2091,2234.597936742938
353,12.07,2040,2238.234269457671
354,12.09,2039,2241.8705744881463
355,12.11,2081,2245.506739223465
356,12.13,2073,2249.142651510693
357,12.15,2099,2252.7781996547446
358,12.17,2112,2256.4132724182564
359,12.19,2117,2260.0477590214678
360,12.21,2082,2263.6815491420803
361,12.23,2138,2267.314532915145
362,12.25,2110,2270.946600932908
363,12.27,2084,2274.5776442446813
364,12.29,2123,2278.2075543566916
365,12.31,2144,2281.8362232319378
366,12.33,2114,2285.4635432900513
367,12.35,2110,2289.0894074071057
368,12.37,2104,2292.713708915512
369,12.39,2141,2296.3363416038
370,12.41,2140,2299.957199716504
371,12.43,2171,2303.5761779539534
372,12.45,2074,2307.193171472127
373,12.47,2176,2310.8080758824626
374,12.49,2133,2314.4207872516918
375,12.51,2080,2318.031202101636
376,12.53,2125,2321.6392174090306
377,12.55,2179,2325.24473060535
378,12.57,2171,2328.847639576581
379,12.59,2135,2332.4478426630512
380,12.61,2217,2336.0452386592233
381,12.63,2221,2339.6397268134824
382,12.65,2153,2343.231206827929
383,12.67,2200,2346.8195788581834
384,12.69,2145,2350.4047435131506
385,12.71,2144,2353.986601854812
386,12.73,2156,2357.5650553979995
387,12.75,2237,2361.140006110172
388,12.77,2240,2364.711356411196
389,12.79,2255,2368.2790091730894
390,12.81,2174,2371.8428677198117
391,12.83,2097,2375.4028358270025
392,12.85,2170,2378.958817721763
393,12.87,2121,2382.510718082386
394,12.89,2253,2386.058442038121
395,12.91,2212,2389.6018951689152
396,12.93,2213,2393.140983505165
397,12.95,2215,2396.675613527439
398,12.97,2188,2400.205692166234
399,12.99,2205,2403.7311268016983
400,13.01,2259,2407.251825263365
401,13.03,2257,2410.7676958298866
402,13.05,2209,2414.2786472287294
403,13.07,2240,2417.7845886359287
404,13.09,2333,2421.285429675789
405,13.11,2234,2424.781080420595
406,13.13,2240,2428.2714513903293
407,13.15,2184,2431.7564535523734
408,13.17,2215,2435.2359983212104
409,13.19,2176,2438.709997558139
410,13.21,2323,2442.1783635709385
411,13.23,2226,2445.641009113604
412,13.25,2249,2449.097847386009
413,13.27,2300,2452.5487920335854
414,13.29,2297,2455.9937571470405
415,13.31,2208,2459.4326572620016
416,13.33,2338,2462.8654073587236
417,13.35,2306,2466.291922861741
418,13.37,2403,2469.712119639538
419,13.39,2353,2473.1259140042384
420,13.41,2329,2476.5332227112513
421,13.43,2439,2479.9339629589244
422,13.45,2274,2483.328052388234
423,13.47,2223,2486.7154090824056
424,13.49,2334,2490.0959515665822
425,13.51,2295,2493.469598807475
426,13.53,2337,2496.8362702129907
427,13.55,2339,2500.1958856318975
428,13.57,2278,2503.5483653534484
429,13.59,2421,2506.893630107023
430,13.61,2271,2510.231601061754
431,13.63,2401,2513.5621998261586
432,13.65,2406,2516.8853484477763
433,13.67,2389,2520.2009694127723
434,13.69,2315,2523.508985645569
435,13.71,2279,2526.8093205084683
436,13.73,2382,2530.1018978012453
437,13.75,2391,2533.386641760795
438,13.77,2452,2536.6634770606934
439,13.79,2402,2539.9323288108326
440,13.81,2368,2543.1931225570247
441,13.83,2473,2546.4457842805837
442,13.85,2472,2549.690240397929
443,13.87,2383,2552.926417760175
444,13.89,2372,2556.1542436527334
445,13.91,2557,2559.3736457948785
446,13.93,2608,2562.5845523393423
447,13.95,2332,2565.7868918718973
448,13.97,2495,2568.9805934109295
449,13.99,2484,2572.165586407006
450,14.01,2371,2575.3418007424643
451,14.03,2492,2578.509166730963
452,14.05,2490,2581.6676151170623
453,14.07,2473,2584.817077075761
454,14.09,2426,2587.957484212094
455,14.11,2418,2591.088768560656
456,14.13,2508,2594.210862585171
457,14.15,2514,2597.323699178031
458,14.17,2495,2600.4272116598686
459,14.19,2480,2603.5213337790715
460,14.21,2450,2606.605999711343
461,14.23,2460,2609.681144059234
462,14.25,2514,2612.7467018516886
463,14.27,2426,2615.802608543557
464,14.29,2491,2618.8488000151583
465,14.31,2467,2621.885212571766
466,14.33,2515,2624.9117829431666
467,14.35,2522,2627.9284482831736
468,14.37,2560,2630.935146169143
469,14.39,2459,2633.9318146014803
470,14.41,2518,2636.9183920031746
471,14.43,2507,2639.894817219282
472,14.45,2677,2642.8610295164713
473,14.47,2651,2645.816968582482
474,14.49,2594,2648.7625745256696
475,14.51,2611,2651.6977878744774
476,14.53,2565,2654.622549576942
477,14.55,2572,2657.536801000183
478,14.57,2579,2660.4404839299114
479,14.59,2577,2663.333540569888
480,14.61,2583,2666.215913541436
481,14.63,2582,2669.0875458828996
482,14.65,2658,2671.9483810491542
483,14.67,2595,2674.798362911056
484,14.69,2647,2677.637435754923
485,14.71,2555,2680.465544282026
486,14.73,2607,2683.2826336080216
487,14.75,2582,2686.0886492624554
488,14.77,2484,2688.8835371882105
489,14.79,2636,2691.6672437409525
490,14.81,2602,2694.4397156886253
491,14.83,2570,2697.2009002108607
492,14.85,2628,2699.950744898468
493,14.87,2761,2702.6891977528817
494,14.89,2525,2705.4162071855794
495,14.91,2640,2708.13172201756
496,14.93,2594,2710.8356914787705
497,14.95,2616,2713.5280652075485
498,14.97,2651,2716.208793250052
499,14.99,2691,2718.8778260597255
500,15.01,2612,2721.5351144966767
501,15.03,2597,2724.1806098271554
502,15.05,2700,2726.8142637229666
503,15.07,2669,2729.4360282608727
504,15.09,2776,2732.0458559220565
505,15.11,2734,2734.6436995915046
506,15.13,2702,2737.2295125574346
507,15.15,2759,2739.803248510719
508,15.17,2798,2742.364861544278
509,15.19,2655,2744.914306152514
510,15.21,2658,2747.4515372306996
511,15.23,2754,2749.9765100743766
512,15.25,2697,2752.4891803787827
513,15.27,2674,2754.989504238228
514,15.29,2686,2757.477438145486
515,15.31,2735,2759.9529389912286
516,15.33,2738,2762.4159640633657
517,15.35,2634,2764.8664710464664
518,15.37,2756,2767.3044180211327
519,15.39,2663,2769.729763463402
520,15.41,2705,2772.1424662441023
521,15.43,2753,2774.5424856282452
522,15.45,2769,2776.929781274417
523,15.47,2705,2779.304313234118
524,15.49,2708,2781.6660419511745
525,15.51,2751,2784.0149282610746
526,15.53,2752,2786.3509333903617
527,15.55,2638,2788.674018955981
528,15.57,2756,2790.984146964651
529,15.59,2772,2793.281279812228
530,15.61,2815,2795.565380283056
531,15.63,2791,2797.8364115493155
532,15.65,2717,2800.0943371703993
533,15.67,2743,2802.3391210922377
534,15.69,2750,2804.570727646667
535,15.71,2670,2806.7891215507702
536,15.73,2895,2808.994267906208
537,15.75,2759,2811.18613219858
538,15.77,2715,2813.3646802967487
539,15.79,2785,2815.529878452191
540,15.81,2821,2817.6816932983184
541,15.83,2796,2819.8200918498087
542,15.85,2827,2821.9450415019587
543,15.87,2876,2824.056510029991
544,15.89,2868,2826.154465588381
545,15.91,2777,2828.2388767101834
546,15.93,2716,2830.309712306368
547,15.95,2964,2832.366941665105
548,15.97,2825,2834.4105344511186
549,15.99,2748,2836.440460704977
550,16.01,2920,2838.4566908424194
551,16.03,2938,2840.4591956536465
552,16.05,2884,2842.447946302658
553,16.07,3003,2844.422914326534
554,16.09,2826,2846.384071634736
555,16.11,2854,2848.331390508444
556,16.13,2846,2850.264843599801
557,16.15,2971,2852.1844039312623
558,16.17,2857,2854.090044894853
559,16.19,2970,2855.9817402514923
560,16.21,2805,2857.859464130241
561,16.23,2852,2859.723191027649
562,16.25,2872,2861.572895806986
563,16.27,2859,2863.4085536975504
564,16.29,2913,2865.2301402939725
565,16.31,2951,2867.0376315554363
566,16.33,2962,2868.8310038050377
567,16.35,2927,2870.610233728975
568,16.37,2965,2872.3752983759005
569,16.39,2979,2874.126175156121
570,16.41,3035,2875.8628418409407
571,16.43,3002,2877.5852765618606
572,16.45,2984,2879.293457809892
573,16.47,2903,2880.987364434806
574,16.49,2970,2882.6669756443844
575,16.51,2924,2884.3322710036887
576,16.53,2971,2885.983230434324
577,16.55,3021,2887.6198342136813
578,16.57,2968,2889.242062974202
579,16.59,2999,2890.849897702622
580,16.61,2955,2892.4433197392327
581,16.63,2842,2894.0223107771126
582,16.65,2978,2895.5868528613914
583,16.67,3046,2897.136928388476
584,16.69,2969,2898.672520105304
585,16.71,2955,2900.193611108587
586,16.73,3054,2901.70018484403
587,16.75,2974,2903.1922251055953
588,16.77,2913,2904.669716034712
589,16.79,2866,2906.132642119528
590,16.81,3042,2907.580988194114
591,16.83,2998,2909.014739437732
592,16.85,3054,2910.4338813740173
593,16.87,3086,2911.8383998702434
594,16.89,2957,2913.228281136519
595,16.91,2958,2914.6035117250162
596,16.93,3066,2915.9640785291863
597,16.95,2969,2917.3099687830018
598,16.97,2949,2918.641170060129
599,16.99,3028,2919.9576702731833
600,17.01,3023,2921.2594576729093
601,17.03,3106,2922.546520847419
602,17.05,3114,2923.818848721383
603,17.07,2962,2925.0764305552216
604,17.09,3071,2926.319255944359
605,17.11,3152,2927.5473148183682
606,17.13,3070,2928.760597440231
607,17.15,3010,2929.959094405474
608,17.17,3003,2931.1427966414158
609,17.19,3079,2932.3116954063494
610,17.21,3069,2933.4657822887257
611,17.23,3050,2934.6050492063646
612,17.25,3098,2935.729488405626
613,17.27,3043,2936.8390924606083
614,17.29,3188,2937.933854272342
615,17.31,2908,2939.013767067976
616,17.33,2891,2940.078824399933
617,17.35,3098,2941.12902014513
618,17.37,3070,2942.164348504144
619,17.39,3116,2943.1848040003943
620,17.41,3096,2944.1903814792986
621,17.43,3010,2945.1810761074794
622,17.45,3104,2946.156883371929
623,17.47,2973,2947.1177990791666
624,17.49,3110,2948.0638193544214
625,17.51,3012,2948.9949406408214
626,17.53,2944,2949.911159698511
627,17.55,3114,2950.812473603858
628,17.57,2910,2951.69887974862
629,17.59,3040,2952.5703758390805
630,17.61,3032,2953.426959895219
631,17.63,2976,2954.268630249896
632,17.65,3089,2955.0953855479634
633,17.67,3076,2955.9072247454806
634,17.69,3169,2956.704147108805
635,17.71,3037,2957.486152213795
636,17.73,2977,2958.2532399449433
637,17.75,3006,2959.005410494532
638,17.77,3186,2959.742664361762
639,17.79,3040,2960.4650023519443
640,17.81,3011,2961.172425575593
641,17.83,3077,2961.864935447601
642,17.85,2902,2962.5425336863927
643,17.87,2965,2963.205222313029
644,17.89,2970,2963.853003650381
645,17.91,3129,2964.4858803222405
646,17.93,2980,2965.103855252495
647,17.95,3126,2965.7069316642296
648,17.97,3120,2966.295113078855
649,17.99,2997,2966.8684033152904
650,18.01,3123,2967.426806489043
651,18.03,3039,2967.970327011343
652,18.05,3097,2968.498969588315
653,18.07,3082,2969.0127392200525
654,18.09,3051,2969.51164119978
655,18.11,2967,2969.9956811129555
656,18.13,3024,2970.464864836417
657,18.15,2949,2970.919198537477
658,18.17,3209,2971.3586886730404
659,18.19,3022,2971.7833419887706
660,18.21,3034,2972.193165518152
661,18.23,3041,2972.5881665816405
662,18.25,3076,2972.968352785754
663,18.27,3121,2973.333732022203
664,18.29,3098,2973.6843124670017
665,18.31,3145,2974.02010257958
666,18.33,3099,2974.3411111018713
667,18.35,3013,2974.6473470574565
668,18.37,3092,2974.938819750637
669,18.39,3109,2975.2155387655694
670,18.41,2989,2975.4775139653393
671,18.43,3016,2975.7247554910996
672,18.45,3011,2975.957273761149
673,18.47,3060,2976.175079470036
674,18.49,3015,2976.3781835876603
675,18.51,3102,2976.566597358373
676,18.53,3105,2976.740332300062
677,18.55,3082,2976.8994002032728
678,18.57,3121,2977.043813130292
679,18.59,3142,2977.173583414212
680,18.61,3008,2977.2887236580655
681,18.63,3023,2977.3892467339106
682,18.65,3147,2977.475165781874
683,18.67,3033,2977.5464942093195
684,18.69,3100,2977.6032456898492
685,18.71,3136,2977.645434162458
686,18.73,3187,2977.673073830587
687,18.75,3035,2977.6861791612077
688,18.77,3138,2977.684764883907
689,18.79,3079,2977.6688459899997
690,18.81,3083,2977.6384377315467
691,18.83,3035,2977.593555620484
692,18.85,3027,2977.5342154276955
693,18.87,3122,2977.460433182078
694,18.89,3113,2977.372225169595
695,18.91,3175,2977.269607932437
696,18.93,3150,2977.152598267978
697,18.95,3057,2977.0212132279485
698,18.97,3009,2976.8754701174457
699,18.99,3108,2976.7153864940396
700,19.01,3118,2976.5409801668134
701,19.03,3053,2976.3522691954668
702,19.05,3031,2976.1492718893583
703,19.07,3097,2975.9320068065767
704,19.09,3125,2975.7004927530197
705,19.11,3102,2975.4547487814402
706,19.13,3060,2975.1947941905255
707,19.15,3062,2974.9206485239533
708,19.17,3053,2974.6323315694517
709,19.19,3070,2974.329863357877
710,19.21,3058,2974.013264162235
711,19.23,3112,2973.6825544968033
712,19.25,3256,2973.337755116108
713,19.27,3133,2972.9788870140615
714,19.29,3077,2972.605971422973
715,19.31,3217,2972.2190298125906
716,19.33,2977,2971.8180838892226
717,19.35,3079,2971.403155594698
718,19.37,3141,2970.9742671055124
719,19.39,3051,2970.531440831808
720,19.41,3071,2970.0746994164574
721,19.43,3108,2969.604065734133
722,19.45,3121,2969.1195628902924
723,19.47,3065,2968.621214220303
724,19.49,3164,2968.1090432884343
725,19.51,3113,2967.583073886928
726,19.53,2958,2967.0433300350333
727,19.55,3154,2966.4898359780777
728,19.57,3159,2965.922616186469
729,19.59,3119,2965.3416953547808
730,19.61,3088,2964.7470984007687
731,19.63,3044,2964.1388504644183
732,19.65,3105,2963.516976906974
733,19.67,3140,2962.881503310021
734,19.69,3071,2962.232455474502
735,19.71,3088,2961.569859419701
736,19.73,3154,2960.893741382387
737,19.75,3109,2960.2041278157517
738,19.77,3104,2959.501045388521
739,19.79,3139,2958.784520983948
740,19.81,3053,2958.0545816988615
741,19.83,3225,2957.311254842706
742,19.85,3059,2956.554567936544
743,19.87,3144,2955.7845487121376
744,19.89,3149,2955.001225110946
745,19.91,3024,2954.204625283173
746,19.93,3083,2953.3947775867873
747,19.95,3030,2952.571710586565
748,19.97,3034,2951.73545305309
749,19.99,3108,2950.8860339618354
750,20.01,3065,2950.023482492143
751,20.03,3035,2949.1478280262836
752,20.05,3015,2948.259100148436
753,20.07,3160,2947.357328643801
754,20.09,3036,2946.4425434975265
755,20.11,2973,2945.514774893804
756,20.13,3107,2944.57405321486
757,20.15,3103,2943.620409040001
758,20.17,3017,2942.6538731445967
759,20.19,2994,2941.6744764991527
760,20.21,3126,2940.6822502683253
761,20.23,3222,2939.6772258099
762,20.25,2957,2938.659434673855
763,20.27,3077,2937.628908601359
764,20.29,3065,2936.5856795238283
765,20.31,3018,2935.529779561897
766,20.33,3124,2934.4612410244476
767,20.35,3014,2933.3800964076695
768,20.37,3109,2932.2863783940193
769,20.39,3012,2931.180119851284
770,20.41,3030,2930.0613538315874
771,20.43,3100,2928.9301135703786
772,20.45,3168,2927.7864324854795
773,20.47,3051,2926.6303441761006
774,20.49,3062,2925.461882421831
775,20.51,3098,2924.281081181675
776,20.53,3146,2923.0879745930656
777,20.55,3133,2921.882596970856
778,20.57,3111,2920.6649828063687
779,20.59,3031,2919.4351667663855
780,20.61,3022,2918.1931836921453
781,20.63,3141,2916.9390685983967
782,20.65,3112,2915.6728566723796
783,20.67,2918,2914.39458327284
784,20.69,3047,2913.1042839290717
785,20.71,3073,2911.801994339866
786,20.73,3177,2910.487750372585
787,20.75,3032,2909.16158806212
788,20.77,3087,2907.8235436099462
789,20.79,3109,2906.473653383113
790,20.81,3063,2905.111953913226
791,20.83,3090,2903.738481895517
792,20.85,2899,2902.353274187764
793,20.87,3071,2900.956367809425
794,20.89,3046,2899.547799940485
795,20.91,3125,2898.127607920627
796,20.93,2974,2896.695829248125
797,20.95,3082,2895.2525015788865
798,20.97,3028,2893.797662725473
799,20.99,2959,2892.3313506560985
800,21.01,3033,2890.853603493596
801,21.03,3132,2889.364459514513
802,21.05,3132,2887.8639571480203
803,21.07,3041,2886.352134974974
804,21.09,3163,2884.82903172692
805,21.11,3025,2883.294686285063
806,21.13,2995,2881.74913767929
807,21.15,2998,2880.192425087211
808,21.17,3085,2878.6245878331006
809,21.19,3014,2877.045665386945
810,21.21,3001,2875.455697363424
811,21.23,2926,2873.8547235209376
812,21.25,3034,2872.242783760581
813,21.27,3093,2870.619918125166
814,21.29,3006,2868.98616679825
815,21.31,3101,2867.341570103052
816,21.33,3004,2865.686168501563
817,21.35,3041,2864.020002593492
818,21.37,3003,2862.3431131152665
819,21.39,3062,2860.655540939034
820,21.41,3002,2858.957327071717
821,21.43,3076,2857.2485126539245
822,21.45,2951,2855.5291389590407
823,21.47,3023,2853.799247392182
824,21.49,3050,2852.0588794891974
825,21.51,3076,2850.308076915708
826,21.53,3081,2848.546881466045
827,21.55,3058,2846.7753350623243
828,21.57,2941,2844.993479753403
829,21.59,3004,2843.2013577138737
830,21.61,2973,2841.3990112431447
831,21.63,2955,2839.586482764286
832,21.65,2984,2837.7638148232427
833,21.67,3032,2835.931050087622
834,21.69,3003,2834.088231345855
835,21.71,2993,2832.23540150613
836,21.73,2953,2830.372603595378
837,21.75,2992,2828.4998807583515
838,21.77,3053,2826.6172762565325
839,21.79,2959,2824.7248334671813
840,21.81,3041,2822.8225958823627
841,21.83,3015,2820.910607107905
842,21.85,3054,2818.9889108624348
843,21.87,2914,2817.0575509763235
844,21.89,2936,2815.116571390777
845,21.91,3000,2813.1660161567775
846,21.93,3085,2811.205929434081
847,21.95,2895,2809.236355490285
848,21.97,2999,2807.257338699727
849,21.99,2894,2805.2689235425864
850,22.01,3003,2803.2711546038477
851,22.03,2960,2801.2640765723013
852,22.05,2967,2799.247734239522
853,22.07,2922,2797.222172498963
854,22.09,2906,2795.1874363448346
855,22.11,2826,2793.1435708712097
856,22.13,2855,2791.0906212709842
857,22.15,2963,2789.028632834863
858,22.17,2853,2786.957650950435
859,22.19,2819,2784.8777211010965
860,22.21,2901,2782.7888888651014
861,22.23,2853,2780.691199914564
862,22.25,2910,2778.5847000144595
863,22.27,2913,2776.4694350215914
864,22.29,2937,2774.345450883709
865,22.31,2918,2772.212793638348
866,22.33,2864,2770.071509412014
867,22.35,2902,2767.921644419048
868,22.37,2914,2765.763244960708
869,22.39,2926,2763.596357424151
870,22.41,2836,2761.421028281448
871,22.43,2822,2759.2373040885873
872,22.45,2957,2757.045231484519
873,22.47,2833,2754.8448571900663
874,22.49,2786,2752.6362280070566
875,22.51,2857,2750.419390817263
876,22.53,2861,2748.194392581405
877,22.55,2829,2745.9612803381688
878,22.57,2888,2743.720101203278
879,22.59,2843,2741.4709023684004
880,22.61,2802,2739.213731100232
881,22.63,2804,2736.9486347394754
882,22.65,2727,2734.675660699903
883,22.67,2755,2732.394856467273
884,22.69,2805,2730.1062695984424
885,22.71,2747,2727.8099477203154
886,22.73,2751,2725.505938528885
887,22.75,2792,2723.194289788223
888,22.77,2777,2720.875049329543
889,22.79,2760,2718.5482650501795
890,22.81,2752,2716.2139849125733
891,22.83,2797,2713.8722569433444
892,22.85,2762,2711.523129232292
893,22.87,2676,2709.1666499313606
894,22.89,2733,2706.8028672537835
895,22.91,2649,2704.4318294729183
896,22.93,2745,2702.0535849214302
897,22.95,2691,2699.668181990231
898,22.97,2754,2697.2756691274562
899,22.99,2739,2694.876094837647
900,23.01,2636,2692.4695076805565
901,23.03,2683,2690.055956270319
902,23.05,2718,2687.6354892744484
903,23.07,2693,2685.2081554128085
904,23.09,2776,2682.774003456688
905,23.11,2665,2680.3330822277744
906,23.13,2603,2677.8854405972265
907,23.15,2683,2675.431127484684
908,23.17,2711,2672.970191857242
909,23.19,2727,2670.502682728581
910,23.21,2796,2668.0286491578895
911,23.23,2726,2665.5481402489236
912,23.25,2589,2663.0612051490707
913,23.27,2793,2660.5678930483136
914,23.29,2709,2658.06825317835
915,23.31,2734,2655.5623348115137
916,23.33,2568,2653.0501872598484
917,23.35,2653,2650.531859874194
918,23.37,2533,2648.0074020431234
919,23.39,2744,2645.4768631920388
920,23.41,2592,2642.9402927821875
921,23.43,2672,2640.3977403096956
922,23.45,2564,2637.8492553045453
923,23.47,2614,2635.294887329734
924,23.49,2654,2632.7346859802183
925,23.51,2604,2630.1687008819003
926,23.53,2575,2627.596981690809
927,23.55,2552,2625.019578092041
928,23.57,2627,2622.436539798806
929,23.59,2640,2619.8479165514846
930,23.61,2603,2617.2537581166566
931,23.63,2608,2614.6541142861433
932,23.65,2503,2612.0490348760577
933,23.67,2680,2609.43856972584
934,23.69,2500,2606.822768697263
935,23.71,2503,2604.201681673572
936,23.73,2558,2601.575358558421
937,23.75,2549,2598.943849274997
938,23.77,2607,2596.3072037650054
939,23.79,2511,2593.6654719877483
940,23.81,2464,2591.0187039191946
941,23.83,2510,2588.3669495509885
942,23.85,2599,2585.7102588894863
943,23.87,2517,2583.0486819548773
944,23.89,2501,2580.3822687801753
945,23.91,2571,2577.7110694102425
946,23.93,2425,2575.0351339009844
947,23.95,2501,2572.354512318186
948,23.97,2534,2569.669254736764
949,23.99,2500,2566.979411239728
950,24.01,2569,2564.2850319172326
951,24.03,2549,2561.5861668656685
952,24.05,2530,2558.8828661866887
953,24.07,2490,2556.175179986315
954,24.09,2511,2553.4631583739306
955,24.11,2423,2550.7468514614134
956,24.13,2421,2548.026309362141
957,24.15,2343,2545.301582190069
958,24.17,2435,2542.572720058814
959,24.19,2400,2539.839773080726
960,24.21,2521,2537.1027913659104
961,24.23,2369,2534.3618250213012
962,24.25,2443,2531.6169241497737
963,24.27,2452,2528.868138849185
964,24.29,2481,2526.11551921142
965,24.31,2385,2523.359115321519
966,24.33,2374,2520.598977256707
967,24.35,2406,2517.8351550854936
968,24.37,2389,2515.0676988666787
969,24.39,2368,2512.296658648528
970,24.41,2505,2509.522084467788
971,24.43,2435,2506.7440263487706
972,24.45,2459,2503.962534302464
973,24.47,2385,2501.177658325548
974,24.49,2398,2498.3894483995537
975,24.51,2483,2495.5979544898696
976,24.53,2336,2492.8032265448564
977,24.55,2383,2490.0053144949893
978,24.57,2409,2487.20426825181
979,24.59,2286,2484.400137707146
980,24.61,2397,2481.5929727321363
981,24.63,2479,2478.7828231762956
982,24.65,2304,2475.969738866672
983,24.67,2409,2473.153769606872
984,24.69,2319,2470.3349651761823
985,24.71,2267,2467.513375328696
986,24.73,2347,2464.6890497923496
987,24.75,2305,2461.862038268027
988,24.77,2302,2459.0323904286915
989,24.79,2299,2456.2001559184623
990,24.81,2275,2453.365384351727
991,24.83,2224,2450.528125312212
992,24.85,2354,2447.688428352089
993,24.87,2348,2444.8463429911285
994,24.89,2282,2442.0019187157404
995,24.91,2330,2439.1552049781308
996,24.93,2223,2436.3062511953813
997,24.95,2237,2433.455106748521
998,24.97,2340,2430.601820981745
999,24.99,2265,2427.746443201369
1000,25.01,2220,2424.8890226751228
1001,25.03,2358,2422.029608631119
1002,25.05,2218,2419.1682502570056
1003,25.07,2327,2416.3049966991325
1004,25.09,2336,2413.4398970615966
1005,25.11,2268,2410.573000405433
1006,25.13,2250,2407.7043557476286
1007,25.15,2226,2404.834012060382
1008,25.17,2202,2401.962018270158
1009,25.19,2226,2399.088423256754
1010,25.21,2321,2396.2132758525067
1011,25.23,2205,2393.3366248414222
1012,25.25,2186,2390.4585189582112
1013,25.27,2231,2387.5790068875567
1014,25.29,2182,2384.69813726315
1015,25.31,2124,2381.8159586668007
1016,25.33,2251,2378.9325196276486
1017,25.35,2201,2376.047868621299
1018,25.37,2118,2373.162054068878
1019,25.39,2219,2370.2751243362263
1020,25.41,2281,2367.3871277330536
1021,25.43,2288,2364.4981125120166
1022,25.45,2136,2361.6081268679764
1023,25.47,2123,2358.7172189369994
1024,25.49,2176,2355.8254367956133
1025,25.51,2123,2352.9328284598905
1026,25.53,2257,2350.0394418846117
1027,25.55,2254,2347.1453249624856
1028,25.57,2282,2344.250525523207
1029,25.59,2178,2341.355091332576
1030,25.61,2158,2338.4590700918434
1031,25.63,2148,2335.5625094366505
1032,25.65,2159,2332.665456936318
1033,25.67,2175,2329.767960092956
1034,25.69,2048,2326.8700663406844
1035,25.71,2168,2323.9718230446597
1036,25.73,2115,2321.073277500376
1037,25.75,2114,2318.1744769328443
1038,25.77,2089,2315.2754684955607
1039,25.79,2144,2312.376299269962
1040,25.81,2134,2309.4770162643435
1041,25.83,2161,2306.577666413167
1042,25.85,2147,2303.6782965762086
1043,25.87,2156,2300.778953537738
1044,25.89,2135,2297.879684005681
1045,25.91,2122,2294.9805346107805
1046,25.93,2029,2292.0815519058524
1047,25.95,2130,2289.1827823648327
1048,25.97,2094,2286.284272382155
1049,25.99,2066,2283.3860682717404
1050,26.01,2117,2280.4882162663052
1051,26.03,2068,2277.5907625164946
1052,26.05,2110,2274.693753090126
1053,26.07,2095,2271.7972339713406
1054,26.09,2076,2268.901251059762
1055,26.11,2108,2266.0058501698177
1056,26.13,2129,2263.111077029789
1057,26.15,2039,2260.2169772810967
1058,26.17,2121,2257.323596477503
1059,26.19,2054,2254.4309800842802
1060,26.21,2057,2251.539173477424
1061,26.23,2082,2248.6482219428317
1062,26.25,2145,2245.758170675618
1063,26.27,2107,2242.869064779222
1064,26.29,2092,2239.9809492646264
1065,26.31,2097,2237.0938690496196
1066,26.33,2021,2234.207868957954
1067,26.35,2065,2231.322993718636
1068,26.37,2051,2228.4392879650586
1069,26.39,2108,2225.5567962343002
1070,26.41,1943,2222.6755629662866
1071,26.43,2081,2219.795632503118
1072,26.45,1994,2216.9170490881024
1073,26.47,2152,2214.0398568651844
1074,26.49,2050,2211.164099878086
1075,26.51,1983,2208.289822069527
1076,26.53,2053,2205.417067280505
1077,26.55,2162,2202.545879249459
1078,26.57,2036,2199.6763016115783
1079,26.59,2025,2196.80837789805
1080,26.61,2028,2193.942151535255
1081,26.63,1991,2191.07766584395
1082,26.65,2012,2188.214964038695
1083,26.67,1996,2185.354089226953
1084,26.69,2028,2182.495084408385
1085,26.71,2071,2179.637992474067
1086,26.73,2032,2176.782856205814
1087,26.75,2024,2173.9297182753926
1088,26.77,1898,2171.078621243737
1089,26.79,1972,2168.2296075603044
1090,26.81,2020,2165.382719562298
1091,26.83,1977,2162.5379994738432
1092,26.85,1960,2159.6954894054097
1093,26.87,1989,2156.8552313529626
1094,26.89,2019,2154.0172671972396
1095,26.91,2015,2151.1816387031076
1096,26.93,1933,2148.3483875187167
1097,26.95,1967,2145.5175551749153
1098,26.97,1879,2142.6891830843624
1099,26.99,1992,2139.8633125409933
1100,27.01,2016,2137.039984719113
1101,27.03,1967,2134.2192406728263
1102,27.05,2027,2131.4011213352733
1103,27.07,2020,2128.585667517883
1104,27.09,1963,2125.7729199096866
1105,27.11,1976,2122.9629190766573
1106,27.13,1972,2120.1557054609575
1107,27.15,1980,2117.35131938028
1108,27.17,1915,2114.5498010270067
1109,27.19,2006,2111.751190467705
1110,27.21,1944,2108.955527642296
1111,27.23,1920,2106.162852363448
1112,27.25,1943,2103.373204315816
1113,27.27,1930,2100.5866230553465
1114,27.29,1980,2097.803148008694
1115,27.31,1856,2095.022818472402
1116,27.33,1918,2092.245673612255
1117,27.35,1896,2089.471752462732
1118,27.37,1957,2086.7010939260817
1119,27.39,1816,2083.9337367718854
1120,27.41,1942,2081.1697196362256
1121,27.43,1889,2078.4090810210682
1122,27.45,1906,2075.6518592936045
1123,27.47,1839,2072.8980926855484
1124,27.49,1843,2070.1478192925197
1125,27.51,1947,2067.4010770733494
1126,27.53,1943,2064.65790384936
1127,27.55,1888,2061.918337303877
1128,27.57,1906,2059.1824149813756
1129,27.59,1947,2056.450174286926
1130,27.61,1903,2053.721652485591
1131,27.63,1830,2050.9968867016296
1132,27.65,1876,2048.275913918
1133,27.67,1883,2045.5587709756546
1134,27.69,1925,2042.84549457286
1135,27.71,1891,2040.1361212645888
1136,27.73,1885,2037.4306874619087
1137,27.75,1878,2034.729229431331
1138,27.77,1846,2032.0317832941464
1139,27.79,1876,2029.338385025816
1140,27.81,1900,2026.649070455379
1141,27.83,1814,2023.9638752647106
1142,27.85,1889,2021.282834988122
1143,27.87,1899,2018.605985011458
1144,27.89,1873,2015.9333605717156
1145,27.91,1852,2013.2649967563138
1146,27.93,1909,2010.600928502403
1147,27.95,1891,2007.941190596499
1148,27.97,1770,2005.2858176736054
1149,27.99,1842,2002.6348442167991
1150,28.01,1857,1999.9883045565603
1151,28.03,1917,1997.346232870107
1152,28.05,1895,1994.7086631808625
1153,28.07,1828,1992.0756293578806
1154,28.09,1909,1989.4471651152144
1155,28.11,1919,1986.8233040113437
1156,28.13,1959,1984.2040794485447
1157,28.15,1874,1981.5895246724058
1158,28.17,1839,1978.979672771049
1159,28.19,1763,1976.3745566747812
1160,28.21,1910,1973.7742091553682
1161,28.23,1893,1971.1786628255059
1162,28.25,1747,1968.5879501382378
1163,28.27,1818,1966.0021033863795
1164,28.29,1882,1963.4211547019768
1165,28.31,1844,1960.8451360556764
1166,28.33,1847,1958.2740792562154
1167,28.35,1874,1955.7080159499483
1168,28.37,1868,1953.146977620043
1169,28.39,1846,1950.5909955861944
1170,28.41,1923,1948.0401010038795
1171,28.43,1860,1945.4943248639347
1172,28.45,1836,1942.9536979918857
1173,28.47,1795,1940.4182510475603
1174,28.49,1824,1937.8880145243947
1175,28.51,1755,1935.3630187489953
1176,28.53,1846,1932.84329388051
1177,28.55,1826,1930.3288699101886
1178,28.57,1803,1927.8197766608237
1179,28.59,1790,1925.3160437862334
1180,28.61,1778,1922.8177007706308
1181,28.63,1867,1920.3247769282307
1182,28.65,1805,1917.8373014026956
1183,28.67,1833,1915.3553031665688
1184,28.69,1872,1912.8788110208397
1185,28.71,1792,1910.4078535943172
1186,28.73,1863,1907.9424593432987
1187,28.75,1765,1905.4826565508256
1188,28.77,1814,1903.0284733264152
1189,28.79,1826,1900.5799376053728
1190,28.81,1883,1898.137077148458
1191,28.83,1797,1895.6999195412127
1192,28.85,1790,1893.2684921936507
1193,28.87,1781,1890.8428223395777
1194,28.89,1812,1888.42293703635
1195,28.91,1731,1886.0088631640783
1196,28.93,1796,1883.6006274254223
1197,28.95,1765,1881.1982563449528
1198,28.97,1757,1878.8017762687796
1199,28.99,1815,1876.41121336397
1200,29.01,1790,1874.0265936181413
1201,29.03,1726,1871.6479428390494
1202,29.05,1790,1869.2752866539477
1203,29.07,1791,1866.9086505093474
1204,29.09,1789,1864.548059670421
1205,29.11,1714,1862.1935392205278
1206,29.13,1816,1859.8451140608768
1207,29.15,1796,1857.5028089099978
1208,29.17,1732,1855.1666483032495
1209,29.19,1765,1852.836656592518
1210,29.21,1779,1850.512857945624
1211,29.23,1873,1848.1952763460285
1212,29.25,1701,1845.8839355922328
1213,29.27,1710,1843.5788592975123
1214,29.29,1788,1841.280070889392
1215,29.31,1754,1838.9875936091648
1216,29.33,1745,1836.7014505116886
1217,29.35,1734,1834.4216644646967
1218,29.37,1807,1832.1482581485534
1219,29.39,1743,1829.8812540558001
1220,29.41,1731,1827.620674490723
1221,29.43,1771,1825.3665415689838
1222,29.45,1737,1823.11887721711
1223,29.47,1740,1820.8777031722748
1224,29.49,1769,1818.6430409817413
1225,29.51,1746,1816.4149120025431
1226,29.53,1787,1814.1933374010778
1227,29.55,1775,1811.9783381526504
1228,29.57,1703,1809.7699350411876
1229,29.59,1849,1807.5681486588437
1230,29.61,1783,1805.3729994055457
1231,29.63,1756,1803.184507488676
1232,29.65,1742,1801.0026929226888
1233,29.67,1664,1798.827575528716
1234,29.69,1765,1796.6591749341978
1235,29.71,1689,1794.4975105726262
1236,29.73,1693,1792.3426016829726
1237,29.75,1790,1790.1944673095604
1238,29.77,1785,1788.0531263015218
1239,29.79,1812,1785.9185973125595
1240,29.81,1770,1783.7908988005083
1241,29.83,1677,1781.6700490271478
1242,29.85,1719,1779.5560660576502
1243,29.87,1760,1777.4489677604033
1244,29.89,1693,1775.34877180664
1245,29.91,1818,1773.2554956700014
1246,29.93,1730,1771.169156626359
1247,29.95,1688,1769.0897717533908
1248,29.97,1798,1767.0173579302636
1249,29.99,1704,1764.9519318374178
1250,30.01,1750,1762.893509956034
1251,30.03,1703,1760.842108567961
1252,30.05,1721,1758.7977437552945
1253,30.07,1736,1756.760431399971
1254,30.09,1676,1754.7301871837008
1255,30.11,1650,1752.7070265874436
1256,30.13,1686,1750.690964891266
1257,30.15,1675,1748.6820171738755
1258,30.17,1703,1746.680198312537
1259,30.19,1783,1744.6855229827106
1260,30.21,1670,1742.6980056576394
1261,30.23,1728,1740.7176606082303
1262,30.25,1644,1738.7445019027437
1263,30.27,1668,1736.7785434064745
1264,30.29,1713,1734.819798781452
1265,30.31,1683,1732.8682814863032
1266,30.33,1748,1730.9240047758885
1267,30.35,1738,1728.986981701035
1268,30.37,1732,1727.057225108323
1269,30.39,1630,1725.134747639905
1270,30.41,1743,1723.2195617330244
1271,30.43,1784,1721.311679619963
1272,30.45,1720,1719.4111133278066
1273,30.47,1716,1717.5178746781003
1274,30.49,1707,1715.6319752866511
1275,30.51,1692,1713.753426563364
1276,30.53,1711,1711.882239711903
1277,30.55,1751,1710.0184257294686
1278,30.57,1637,1708.1619954067437
1279,30.59,1728,1706.3129593274398
1280,30.61,1709,1704.4713278682339
1281,30.63,1743,1702.6371111985945
1282,30.65,1720,1700.8103192803455
1283,30.67,1694,1698.9909618677102
1284,30.69,1719,1697.179048507027
1285,30.71,1692,1695.3745885364933
1286,30.73,1707,1693.577591086003
1287,30.75,1742,1691.7880650770476
1288,30.77,1704,1690.0060192223236
1289,30.79,1689,1688.2314620257675
1290,30.81,1730,1686.4644017822393
1291,30.83,1763,1684.7048465774442
1292,30.85,1627,1682.9528042876145
1293,30.87,1707,1681.2082825795578
1294,30.89,1710,1679.4712889102202
1295,30.91,1658,1677.741830526792
1296,30.93,1668,1676.019914466301
1297,30.95,1669,1674.3055475557112
1298,30.97,1625,1672.5987364115354
1299,30.99,1763,1670.8994874399186
1300,31.01,1652,1669.2078068362352
1301,31.03,1697,1667.523700585166
1302,31.05,1639,1665.8471744603994
1303,31.07,1777,1664.1782340247228
1304,31.09,1641,1662.5168846295974
1305,31.11,1700,1660.8631314152508
1306,31.13,1685,1659.2169793105304
1307,31.15,1719,1657.5784330326996
1308,31.17,1669,1655.9474970872743
1309,31.19,1685,1654.3241757681835
1310,31.21,1628,1652.7084731573614
1311,31.23,1731,1651.1003931248279
1312,31.25,1672,1649.4999393284743
1313,31.27,1709,1647.9071152140868
1314,31.29,1619,1646.3219240151147
1315,31.31,1765,1644.7443687526493
1316,31.33,1700,1643.1744522354957
1317,31.35,1801,1641.6121770597047
1318,31.37,1757,1640.0575456090182
1319,31.39,1612,1638.5105600542738
1320,31.41,1671,1636.9712223536062
1321,31.43,1687,1635.439534252445
1322,31.45,1688,1633.915497283334
1323,31.47,1710,1632.3991127658228
1324,31.49,1697,1630.8903818066046
1325,31.51,1664,1629.389305299197
1326,31.53,1683,1627.8958839241895
1327,31.55,1641,1626.410118148926
1328,31.57,1652,1624.9320082277382
1329,31.59,1755,1623.461554201579
1330,31.61,1626,1621.998755898444
1331,31.63,1649,1620.5436129328982
1332,31.65,1717,1619.0961247062123
1333,31.67,1669,1617.656290406503
1334,31.69,1693,1616.2241090084608
1335,31.71,1669,1614.7995792735437
1336,31.73,1719,1613.382699749869
1337,31.75,1636,1611.9734687722248
1338,31.77,1682,1610.571884462065
1339,31.79,1651,1609.177944727463
1340,31.81,1653,1607.7916472633697
1341,31.83,1670,1606.4129895512315
1342,31.85,1697,1605.0419688592283
1343,31.87,1668,1603.6785822424317
1344,31.89,1635,1602.322826542585
1345,31.91,1707,1600.9746983881423
1346,31.93,1666,1599.6341941944647
1347,31.95,1614,1598.3013101638135
1348,31.97,1685,1596.9760422852205
1349,31.99,1624,1595.658386334806
1350,32.01,1648,1594.3483378755736
1351,32.03,1718,1593.045892257518
1352,32.05,1724,1591.7510446179458
1353,32.07,1614,1590.4637898811034
1354,32.09,1699,1589.184122758592
1355,32.11,1707,1587.9120377492072
1356,32.13,1630,1586.6475291392699
1357,32.15,1583,1585.390591002376
1358,32.17,1628,1584.141217199649
1359,32.19,1661,1582.8994013799756
1360,32.21,1622,1581.665136979841
1361,32.23,1660,1580.438417223464
1362,32.25,1677,1579.2192351230551
1363,32.27,1708,1578.0075834787622
1364,32.29,1683,1576.8034548787919
1365,32.31,1647,1575.6068416997186
1366,32.33,1709,1574.4177361061993
1367,32.35,1626,1573.2361300515204
1368,32.37,1729,1572.0620152774582
1369,32.39,1623,1570.8953833144042
1370,32.41,1633,1569.7362254817044
1371,32.43,1656,1568.584532887563
1372,32.45,1767,1567.440296429324
1373,32.47,1624,1566.3035067934798
1374,32.49,1699,1565.1741544560082
1375,32.51,1706,1564.0522296824138
1376,32.53,1629,1562.9377225277522
1377,32.55,1620,1561.8306228371102
1378,32.57,1632,1560.7309202455417
1379,32.59,1581,1559.6386041781598
1380,32.61,1652,1558.5536638506046
1381,32.63,1666,1557.4760882689125
1382,32.65,1594,1556.4058662299558
1383,32.67,1694,1555.342986321376
1384,32.69,1690,1554.2874369220526
1385,32.71,1631,1553.2392062019726
1386,32.73,1657,1552.1982821228548
1387,32.75,1663,1551.1646524379084
1388,32.77,1649,1550.1383046922274
1389,32.79,1655,1549.1192262230516
1390,32.81,1642,1548.1074041601269
1391,32.83,1683,1547.102825425406
1392,32.85,1691,1546.1054767339556
1393,32.87,1625,1545.1153445935806
1394,32.89,1618,1544.1324153054347
1395,32.91,1611,1543.1566749640688
1396,32.93,1670,1542.1881094579094
1397,32.95,1622,1541.2267044691407
1398,32.97,1635,1540.2724454742356
1399,32.99,1609,1539.3253177442193
1400,33.01,1605,1538.3853063446577
1401,33.03,1573,1537.452396136372
1402,33.05,1585,1536.5265717751645
1403,33.07,1620,1535.6078177124873
1404,33.09,1679,1534.6961181956976
1405,33.11,1618,1533.791457268153
1406,33.13,1677,1532.8938187695267
1407,33.15,1630,1532.0031863363401
1408,33.17,1511,1531.11954340179
1409,33.19,1616,1530.2428731967602
1410,33.21,1624,1529.3731587492812
1411,33.23,1646,1528.5103828856118
1412,33.25,1667,1527.654528229964
1413,33.27,1567,1526.8055772051675
1414,33.29,1635,1525.963512032832
1415,33.31,1634,1525.128314733889
1416,33.33,1662,1524.2999671285506
1417,33.35,1721,1523.4784508370285
1418,33.37,1651,1522.6637472795792
1419,33.39,1687,1521.8558376771307
1420,33.41,1633,1521.0547030513007
1421,33.43,1673,1520.2603242250798
1422,33.45,1598,1519.4726818229665
1423,33.47,1743,1518.6917562713734
1424,33.49,1653,1517.917527799178
1425,33.51,1708,1517.1499764378614
1426,33.53,1621,1516.389082021903
1427,33.55,1664,1515.6348241893002
1428,33.57,1622,1514.8871823819063
1429,33.59,1676,1514.1461358457555
1430,33.61,1632,1513.411663631594
1431,33.63,1698,1512.683744595086
1432,33.65,1702,1511.962357397384
1433,33.67,1663,1511.2474805055426
1434,33.69,1649,1510.5390921927365
1435,33.71,1633,1509.8371705388727
1436,33.73,1733,1509.1416934311064
1437,33.75,1641,1508.4526385639256
1438,33.77,1639,1507.769983439869
1439,33.79,1618,1507.093705369888
1440,33.81,1623,1506.423781473748
1441,33.83,1658,1505.7601886805378
1442,33.85,1583,1505.10290372922
1443,33.87,1668,1504.451903168706
1444,33.89,1662,1503.8071633587606
1445,33.91,1591,1503.1686604702045
1446,33.93,1583,1502.5363704855781
1447,33.95,1708,1501.9102691993812
1448,33.97,1655,1501.2903322187694
1449,33.99,1656,1500.6765349639745
1450,34.01,1695,1500.0688526686254
1451,34.03,1680,1499.467260380552
1452,34.05,1705,1498.8717329621004
1453,34.07,1671,1498.2822450905542
1454,34.09,1594,1497.6987712589198
1455,34.11,1671,1497.1212857762584
1456,34.13,1656,1496.5497627680252
1457,34.15,1649,1495.9841761770604
1458,34.17,1651,1495.4244997636551
1459,34.19,1649,1494.8707071064882
1460,34.21,1599,1494.3227716027577
1461,34.23,1671,1493.7806664691916
1462,34.25,1620,1493.2443647419977
1463,34.27,1576,1492.7138392780107
1464,34.29,1691,1492.1890627549592
1465,34.31,1704,1491.6700076720435
1466,34.33,1601,1491.156646350465
1467,34.35,1654,1490.64895093426
1468,34.37,1560,1490.146893390539
1469,34.39,1639,1489.650445510274
1470,34.41,1589,1489.1595789086987
1471,34.43,1662,1488.6742650263377
1472,34.45,1545,1488.1944751289948
1473,34.47,1582,1487.7201803088974
1474,34.49,1624,1487.2513514849716
1475,34.51,1619,1486.7879594034748
1476,34.53,1727,1486.3299746388993
1477,34.55,1627,1485.877367594364
1478,34.57,1684,1485.4301085020443
1479,34.59,1637,1484.9881674244562
1480,34.61,1612,1484.551514254299
1481,34.63,1701,1484.120118715673
1482,34.65,1563,1483.6939503644035
1483,34.67,1609,1483.272978589026
1484,34.69,1639,1482.8571726111604
1485,34.71,1603,1482.4465014862926
1486,34.73,1647,1482.040934104366
1487,34.75,1613,1481.640439190427
1488,34.77,1612,1481.2449853055423
1489,34.79,1698,1480.8545408473492
1490,34.81,1640,1480.4690740505475
1491,34.83,1630,1480.0885529879552
1492,34.85,1605,1479.7129455709355
1493,34.87,1620,1479.3422195502044
1494,34.89,1549,1478.976342516562
1495,34.91,1601,1478.6152819015251
1496,34.93,1629,1478.259004978122
1497,34.95,1682,1477.9074788615299
1498,34.97,1591,1477.5606705101782
1499,34.99,1559,1477.2185467257968
1500,35.01,1607,1476.881074154724
1501,35.03,1567,1476.548219288602
1502,35.05,1639,1476.2199484646135
1503,35.07,1707,1475.8962278670751
1504,35.09,1583,1475.5770235274185
1505,35.11,1542,1475.2623013255352
1506,35.13,1600,1474.9520269901705
1507,35.15,1559,1474.6461660997602
1508,35.17,1688,1474.344684083534
1509,35.19,1617,1474.0475462218747
1510,35.21,1628,1473.7547176474036
1511,35.23,1559,1473.4661633456653
1512,35.25,1589,1473.1818481557702
1513,35.27,1628,1472.9017367717497
1514,35.29,1613,1472.625793742529
1515,35.31,1623,1472.353983473764
1516,35.33,1581,1472.08627022759
1517,35.35,1637,1471.8226181244718
1518,35.37,1552,1471.5629911433207
1519,35.39,1659,1471.3073531223254
1520,35.41,1651,1471.0556677607065
1521,35.43,1498,1470.8078986182272
1522,35.45,1654,1470.56400911713
1523,35.47,1626,1470.323962542714
1524,35.49,1638,1470.0877220436023
1525,35.51,1595,1469.8552506336273
1526,35.53,1592,1469.6265111918528
1527,35.55,1684,1469.4014664640963
1528,35.57,1658,1469.180079063257
1529,35.59,1558,1468.9623114707156
1530,35.61,1647,1468.7481260368404
1531,35.63,1545,1468.5374849820546
1532,35.65,1651,1468.3303503979205
1533,35.67,1526,1468.1266842476862
1534,35.69,1487,1467.926448367597
1535,35.71,1623,1467.7296044675004
1536,35.73,1640,1467.536114132009
1537,35.75,1572,1467.345938821386
1538,35.77,1531,1467.159039872241
1539,35.79,1605,1466.9753784989507
1540,35.81,1572,1466.794915794334
1541,35.83,1569,1466.6176127304598
1542,35.85,1576,1466.4434301600731
1543,35.87,1638,1466.272328817009
1544,35.89,1597,1466.1042693176232
1545,35.91,1574,1465.9392121616957
1546,35.93,1554,1465.7771177329932
1547,35.95,1555,1465.6179463010558
1548,35.97,1580,1465.4616580214852
1549,35.99,1549,1465.3082129371587
1550,36.01,1627,1465.1575709795425
1551,36.03,1576,1465.0096919692123
1552,36.05,1621,1464.864535617231
1553,36.07,1624,1464.7220615262286
1554,36.09,1591,1464.582229191119
1555,36.11,1574,1464.4449980002355
1556,36.13,1552,1464.3103272366388
1557,36.15,1557,1464.178176078849
1558,36.17,1580,1464.0485036020564
1559,36.19,1554,1463.9212687793279
1560,36.21,1543,1463.7964304821917
1561,36.23,1581,1463.6739474823535
1562,36.25,1585,1463.5537784522085
1563,36.27,1587,1463.435881966192
1564,36.29,1490,1463.3202165020848
1565,36.31,1549,1463.2067404416366
1566,36.33,1575,1463.0954120720135
1567,36.35,1512,1462.9861895868617
1568,36.37,1577,1462.8790310870772
1569,36.39,1579,1462.7738945824922
1570,36.41,1536,1462.6707379927357
1571,36.43,1515,1462.5695191480627
1572,36.45,1539,1462.4701957912084
1573,36.47,1516,1462.3727255776857
1574,36.49,1544,1462.2770660775823
1575,36.51,1487,1462.1831747763354
1576,36.53,1560,1462.0910090762482
1577,36.55,1556,1462.0005262972636
1578,36.57,1542,1461.9116836784342
1579,36.59,1489,1461.8244383789388
1580,36.61,1489,1461.7387474791667
1581,36.63,1593,1461.654567982434
1582,36.65,1582,1461.5718568153743
1583,36.67,1541,1461.4905708298902
1584,36.69,1529,1461.4106668037266
1585,36.71,1534,1461.33210144247
1586,36.73,1518,1461.2548313798243
1587,36.75,1503,1461.1788131794328
1588,36.77,1567,1461.1040033360105
1589,36.79,1492,1461.030358276722
1590,36.81,1546,1460.9578343618978
1591,36.83,1579,1460.8863878870152
1592,36.85,1478,1460.8159750832165
1593,36.87,1524,1460.7465521191916
1594,36.89,1556,1460.6780751021524
1595,36.91,1571,1460.6105000789212
1596,36.93,1526,1460.543783037554
1597,36.95,1518,1460.4778799087453
1598,36.97,1481,1460.412746566457
1599,36.99,1536,1460.3483388297636
1600,37.01,1462,1460.2846124639718
1601,37.03,1455,1460.2215231822456
1602,37.05,1503,1460.1590266462717
1603,37.07,1507,1460.0970784681494
1604,37.09,1504,1460.0356342115228
1605,37.11,1515,1459.974649392876
1606,37.13,1505,1459.9140794828018
1607,37.15,1497,1459.8538799075568
1608,37.17,1604,1459.794006050408
1609,37.19,1485,1459.7344132527032
1610,37.21,1454,1459.6750568154575
1611,37.23,1548,1459.6158920008547
1612,37.25,1489,1459.556874033011
1613,37.27,1470,1459.49795810036
1614,37.29,1454,1459.4390993560482
1615,37.31,1531,1459.3802529198501
1616,37.33,1478,1459.3213738797158
1617,37.35,1463,1459.2624172924843
1618,37.37,1494,1459.2033381861147
1619,37.39,1566,1459.1440915604944
1620,37.41,1494,1459.0846323893074
1621,37.43,1431,1459.0249156210975
1622,37.45,1534,1458.9648961808816
1623,37.47,1477,1458.904528971626
1624,37.49,1437,1458.8437688754275
1625,37.51,1464,1458.782570755522
1626,37.53,1445,1458.7208894572495
1627,37.55,1503,1458.6586798094777
1628,37.57,1456,1458.5958966265998
1629,37.59,1553,1458.532494709446
1630,37.61,1455,1458.4684288471362
1631,37.63,1497,1458.4036538182427
1632,37.65,1521,1458.3381243928707
1633,37.67,1420,1458.2717953334413
1634,37.69,1477,1458.2046213964404
1635,37.71,1434,1458.1365573346093
1636,37.73,1508,1458.0675578972086
1637,37.75,1437,1457.9975778325852
1638,37.77,1569,1457.9265718894685
1639,37.79,1462,1457.8544948181088
1640,37.81,1472,1457.781301372308
1641,37.83,1449,1457.7069463106145
1642,37.85,1452,1457.6313843982125
1643,37.87,1422,1457.5545704082115
1644,37.89,1409,1457.4764591234589
1645,37.91,1471,1457.397005337778
1646,37.93,1507,1457.316163858105
1647,37.95,1397,1457.2338895054127
1648,37.97,1471,1457.1501371168451
1649,37.99,1377,1457.0648615470518
1650,38.01,1435,1456.9780176697323
1651,38.03,1497,1456.88956037963
1652,38.05,1400,1456.799444593842
1653,38.07,1491,1456.7076252535026
1654,38.09,1491,1456.614057325295
1655,38.11,1407,1456.5186958036566
1656,38.13,1506,1456.421495711339
1657,38.15,1360,1456.3224121025087
1658,38.17,1437,1456.2214000629401
1659,38.19,1472,1456.1184147130816
1660,38.21,1515,1456.0134112083306
1661,38.23,1499,1455.906344741863
1662,38.25,1395,1455.7971705458103
1663,38.27,1456,1455.6858438929357
1664,38.29,1451,1455.5723200983111
1665,38.31,1444,1455.4565545214991
1666,38.33,1442,1455.338502567639
1667,38.35,1413,1455.2181196894498
1668,38.37,1451,1455.0953613888742
1669,38.39,1392,1454.970183219254
1670,38.41,1359,1454.8425407860868
1671,38.43,1464,1454.7123897498777
1672,38.45,1435,1454.5796858272452
1673,38.47,1462,1454.4443847928524
1674,38.49,1446,1454.3064424809918
1675,38.51,1463,1454.1658147877488
1676,38.53,1505,1454.0224576724722
1677,38.55,1493,1453.8763271594562
1678,38.57,1490,1453.7273793403183
1679,38.59,1458,1453.575570375131
1680,38.61,1476,1453.420856494501
1681,38.63,1333,1453.2631940012488
1682,38.65,1388,1453.1025392728488
1683,38.67,1421,1452.9388487621682
1684,38.69,1510,1452.7720790005078
1685,38.71,1416,1452.602186598232
1686,38.73,1434,1452.4291282474542
1687,38.75,1345,1452.2528607239392
1688,38.77,1412,1452.0733408881333
1689,38.79,1398,1451.8905256880007
1690,38.81,1419,1451.7043721602731
1691,38.83,1362,1451.5148374326172
1692,38.85,1380,1451.3218787252872
1693,38.87,1398,1451.1254533532692
1694,38.89,1402,1450.925518728065
1695,38.91,1390,1450.7220323593574
1696,38.93,1410,1450.5149518577737
1697,38.95,1445,1450.3042349356247
1698,38.97,1365,1450.0898394095902
1699,38.99,1368,1449.871723202309
1700,39.01,1450,1449.6498443448208
1701,39.03,1426,1449.4241609779683
1702,39.05,1346,1449.1946313544713
1703,39.07,1438,1448.9612138412185
1704,39.09,1394,1448.7238669207936
1705,39.11,1438,1448.4825491935044
1706,39.13,1342,1448.237219379951
1707,39.15,1395,1447.987836322195
1708,39.17,1391,1447.7343589860602
1709,39.19,1416,1447.4767464635615
1710,39.21,1388,1447.2149579743527
1711,39.23,1408,1446.9489528676177
1712,39.25,1359,1446.6786906251864
1713,39.27,1389,1446.4041308618953
1714,39.29,1431,1446.1252333290959
1715,39.31,1412,1445.841957916149
1716,39.33,1374,1445.5542646520134
1717,39.35,1416,1445.2621137080987
1718,39.37,1373,1444.9654653996695
1719,39.39,1342,1444.6642801885446
1720,39.41,1398,1444.3585186846558
1721,39.43,1398,1444.0481416482653
1722,39.45,1413,1443.733109992263
1723,39.47,1303,1443.413384783944
1724,39.49,1378,1443.088927247325
1725,39.51,1424,1442.7596987652723
1726,39.53,1397,1442.425660881523
1727,39.55,1345,1442.0867753026841
1728,39.57,1439,1441.7430039008186
1729,39.59,1350,1441.3943087151583
1730,39.61,1409,1441.0406519543249
1731,39.63,1364,1440.681995998445
1732,39.65,1364,1440.3183034018093
1733,39.67,1364,1439.9495368941552
1734,39.69,1374,1439.5756593838369
1735,39.71,1358,1439.1966339589471
1736,39.73,1337,1438.8124238901937
1737,39.75,1318,1438.4229926334074
1738,39.77,1413,1438.0283038308517
1739,39.79,1305,1437.6283213139322
1740,39.81,1347,1437.2230091055617
1741,39.83,1355,1436.8123314218547
1742,39.85,1325,1436.3962526749265
1743,39.87,1272,1435.9747374748895
1744,39.89,1344,1435.5477506320485
1745,39.91,1283,1435.11525715905
1746,39.93,1402,1434.67722227365
1747,39.95,1321,1434.2336114003338
1748,39.97,1382,1433.7843901729857
1749,39.99,1345,1433.32952443686
1750,40.01,1305,1432.8689802516055
1751,40.03,1309,1432.4027238922536
1752,40.05,1333,1431.9307218533258
1753,40.07,1325,1431.4529408491117
1754,40.09,1294,1430.9693478174668
1755,40.11,1344,1430.4799099216907
1756,40.13,1325,1429.9845945527795
1757,40.15,1366,1429.483369331726
1758,40.17,1369,1428.9762021120941
1759,40.19,1273,1428.463060982127
1760,40.21,1353,1427.943914267229
1761,40.23,1274,1427.4187305322175
1762,40.25,1352,1426.8874785841745
1763,40.27,1322,1426.350127474012
1764,40.29,1380,1425.80664649952
1765,40.31,1351,1425.2570052076753
1766,40.33,1285,1424.7011733965292
1767,40.35,1316,1424.1391211183236
1768,40.37,1289,1423.5708186813263
1769,40.39,1323,1422.9962366531481
1770,40.41,1371,1422.4153458615483
1771,40.43,1372,1421.8281173987825
1772,40.45,1319,1421.2345226226898
1773,40.47,1293,1420.6345331596785
1774,40.49,1364,1420.0281209071672
1775,40.51,1397,1419.4152580360824
1776,40.53,1325,1418.7959169927262
1777,40.55,1317,1418.1700705026842
1778,40.57,1295,1417.5376915717352
1779,40.59,1274,1416.8987534893186
1780,40.61,1253,1416.253229830465
1781,40.63,1337,1415.6010944591208
1782,40.65,1254,1414.9423215296147
1783,40.67,1324,1414.2768854900423
1784,40.69,1332,1413.6047610846108
1785,40.71,1321,1412.9259233556486
1786,40.73,1270,1412.240347646819
1787,40.75,1310,1411.5480096053543
1788,40.77,1273,1410.8488851848233
1789,40.79,1297,1410.1429506473396
1790,40.81,1254,1409.4301825667317
1791,40.83,1287,1408.7105578304
1792,40.85,1239,1407.984053642379
1793,40.87,1311,1407.250647526229
1794,40.89,1259,1406.5103173267753
1795,40.91,1317,1405.7630412133885
1796,40.93,1276,1405.008797682507
1797,40.95,1245,1404.247565560333
1798,40.97,1344,1403.479324004912
1799,40.99,1269,1402.7040525098664
1800,41.01,1301,1401.921730905614
1801,41.03,1242,1401.1323393637467
1802,41.05,1306,1400.335858397866
1803,41.07,1284,1399.5322688678516
1804,41.09,1197,1398.7215519814245
1805,41.11,1319,1397.90368929747
1806,41.13,1256,1397.0786627286961
1807,41.15,1302,1396.246454543816
1808,41.17,1290,1395.4070473711254
1809,41.19,1261,1394.5604242004902
1810,41.21,1300,1393.7065683862347
1811,41.23,1298,1392.845463650161
1812,41.25,1257,1391.9770940842363
1813,41.27,1313,1391.101444152926
1814,41.29,1244,1390.218498696392
1815,41.31,1210,1389.3282429332603
1816,41.33,1326,1388.4306624630635
1817,41.35,1255,1387.5257432694398
1818,41.37,1345,1386.6134717227242
1819,41.39,1322,1385.6938345823855
1820,41.41,1221,1384.7668190008126
1821,41.43,1284,1383.83241252499
1822,41.45,1208,1382.8906030999879
1823,41.47,1257,1381.941379071599
1824,41.49,1306,1380.9847291897486
1825,41.51,1252,1380.0206426100476
1826,41.53,1286,1379.0491088979616
1827,41.55,1175,1378.0701180310698
1828,41.57,1227,1377.0836604016722
1829,41.59,1285,1376.0897268203435
1830,41.61,1301,1375.0883085183432
1831,41.63,1280,1374.0793971509493
1832,41.65,1243,1373.0629847992368
1833,41.67,1237,1372.0390639748866
1834,41.69,1319,1371.0076276213667
1835,41.71,1258,1369.9686691175639
1836,41.73,1245,1368.9221822804648
1837,41.75,1230,1367.8681613690615
1838,41.77,1240,1366.806601085591
1839,41.79,1203,1365.7374965802892
1840,41.81,1236,1364.66084345304
1841,41.83,1231,1363.576637756717
1842,41.85,1168,1362.4848760002942
1843,41.87,1271,1361.385555152282
1844,41.89,1251,1360.2786726425484
1845,41.91,1272,1359.1642263665817
1846,41.93,1276,1358.0422146875653
1847,41.95,1262,1356.9126364400681
1848,41.97,1206,1355.7754909322439
1849,41.99,1246,1354.6307779499712
1850,42.01,1247,1353.4784977591426
1851,42.03,1227,1352.3186511087733
1852,42.05,1223,1351.151239234433
1853,42.07,1232,1349.9762638604316
1854,42.09,1301,1348.7937272044019
1855,42.11,1272,1347.60363197872
1856,42.13,1237,1346.405981395069
1857,42.15,1236,1345.2007791661554
1858,42.17,1274,1343.988029510053
1859,42.19,1221,1342.7677371527707
1860,42.21,1208,1341.539907330829
1861,42.23,1237,1340.3045457954495
1862,42.25,1255,1339.0616588151488
1863,42.27,1197,1337.8112531786828
1864,42.29,1232,1336.5533361986681
1865,42.31,1205,1335.2879157144207
1866,42.33,1199,1334.0150000950944
1867,42.35,1257,1332.734598243389
1868,42.37,1197,1331.4467195979923
1869,42.39,1273,1330.1513741370927
1870,42.41,1217,1328.848572382055
1871,42.43,1168,1327.5383253995624
1872,42.45,1293,1326.2206448059733
1873,42.47,1205,1324.8955427697074
1874,42.49,1213,1323.563032015184
1875,42.51,1268,1322.223125825264
1876,42.53,1224,1320.8758380454265
1877,42.55,1244,1319.5211830862354
1878,42.57,1218,1318.1591759269477
1879,42.59,1212,1316.7898321186367
1880,42.61,1130,1315.413167787884
1881,42.63,1243,1314.02919963952
1882,42.65,1234,1312.6379449603355
1883,42.67,1249,1311.2394216225102
1884,42.69,1189,1309.8336480861672
1885,42.71,1192,1308.4206434031876
1886,42.73,1218,1307.0004272213173
1887,42.75,1197,1305.5730197859148
1888,42.77,1162,1304.1384419443839
1889,42.79,1225,1302.696715149691
1890,42.81,1215,1301.2478614626343
1891,42.83,1173,1299.7919035563473
1892,42.85,1251,1298.3288647193322
1893,42.87,1191,1296.8587688585912
1894,42.89,1192,1295.3816405031166
1895,42.91,1234,1293.8975048075936
1896,42.93,1212,1292.406387555492
1897,42.95,1149,1290.9083151626864
1898,42.97,1237,1289.4033146804177
1899,42.99,1216,1287.8914138001628
1900,43.01,1225,1286.3726408545444
1901,43.03,1190,1284.847024823759
1902,43.05,1269,1283.3145953369176
1903,43.07,1188,1281.7753826757807
1904,43.09,1177,1280.2294177792164
1905,43.11,1238,1278.676732246513
1906,43.13,1246,1277.1173583391828
1907,43.15,1275,1275.5513289870778
1908,43.17,1264,1273.978677789928
1909,43.19,1216,1272.399439021874
1910,43.21,1213,1270.8136476340715
1911,43.23,1225,1269.221339259926
1912,43.25,1214,1267.6225502163934
1913,43.27,1286,1266.017317509435
1914,43.29,1237,1264.4056788366333
1915,43.31,1158,1262.7876725907217
1916,43.33,1206,1261.1633378638908
1917,43.35,1222,1259.532714450851
1918,43.37,1169,1257.8958428519536
1919,43.39,1176,1256.2527642783243
1920,43.41,1232,1254.6035206536626
1921,43.43,1136,1252.948154618849
1922,43.45,1124,1251.2867095356687
1923,43.47,1219,1249.6192294902658
1924,43.49,1235,1247.9457592965227
1925,43.51,1169,1246.2663445002827
1926,43.53,1172,1244.5810313826069
1927,43.55,1188,1242.8898669632408
1928,43.57,1189,1241.192899004941
1929,43.59,1220,1239.4901760162993
1930,43.61,1234,1237.7817472570896
1931,43.63,1236,1236.067662739465
1932,43.65,1172,1234.3479732344522
1933,43.67,1194,1232.6227302732123
1934,43.69,1141,1230.8919861526447
1935,43.71,1113,1229.1557939375261
1936,43.73,1160,1227.4142074660567
1937,43.75,1169,1225.6672813520381
1938,43.77,1190,1223.9150709898022
1939,43.79,1155,1222.1576325568585
1940,43.81,1230,1220.3950230186638
1941,43.83,1177,1218.627300131815
1942,43.85,1180,1216.8545224487643
1943,43.87,1145,1215.0767493199082
1944,43.89,1207,1213.2940408994355
1945,43.91,1182,1211.5064581477236
1946,43.93,1222,1209.7140628356929
1947,43.95,1183,1207.916917548525
1948,43.97,1145,1206.115085689673
1949,43.99,1239,1204.3086314851816
1950,44.01,1144,1202.497619985882
1951,44.03,1216,1200.6821170739613
1952,44.05,1172,1198.8621894640128
1953,44.07,1132,1197.0379047091055
1954,44.09,1255,1195.2093312030556
1955,44.11,1230,1193.3765381863504
1956,44.13,1155,1191.5395957475057
1957,44.15,1173,1189.6985748295465
1958,44.17,1191,1187.85354723209
1959,44.19,1159,1186.0045856158931
1960,44.21,1212,1184.1517635075943
1961,44.23,1172,1182.2951553026805
1962,44.25,1176,1180.4348362689634
1963,44.27,1164,1178.5708825531983
1964,44.29,1169,1176.703371181603
1965,44.31,1142,1174.8323800663657
1966,44.33,1233,1172.9579880083766
1967,44.35,1255,1171.080274702559
1968,44.37,1205,1169.1993207400492
1969,44.39,1157,1167.3152076139631
1970,44.41,1186,1165.4280177227447
1971,44.43,1268,1163.5378343736638
1972,44.45,1159,1161.644741787648
1973,44.47,1221,1159.7488251039094
1974,44.49,1174,1157.850170382213
1975,44.51,1207,1155.9488646084792
1976,44.53,1171,1154.0449956989487
1977,44.55,1211,1152.1386525029047
1978,44.57,1216,1150.229924808098
1979,44.59,1159,1148.31890334509
1980,44.61,1228,1146.4056797898065
1981,44.63,1226,1144.490346768931
1982,44.65,1133,1142.5729978646314
1983,44.67,1214,1140.6537276164981
1984,44.69,1185,1138.7326315281834
1985,44.71,1228,1136.8098060702187
1986,44.73,1158,1134.8853486844127
1987,44.75,1172,1132.959357788117
1988,44.77,1169,1131.0319327789475
1989,44.79,1129,1129.1031740378394
1990,44.81,1155,1127.1731829345408
1991,44.83,1191,1125.2420618308315
1992,44.85,1131,1123.309914085682
1993,44.87,1236,1121.3768440587946
1994,44.89,1132,1119.4429571154951
1995,44.91,1118,1117.5083596301947
1996,44.93,1195,1115.5731589910974
1997,44.95,1119,1113.6374636048104
1998,44.97,1153,1111.7013829007565
1999,44.99,1163,1109.7650273343052
2000,45.01,1135,1107.82850839215
2001,45.03,1121,1105.8919385968584
2002,45.05,1099,1103.9554315101532
2003,45.07,1123,1102.0191017378684
2004,45.09,1163,1100.0830649348181
2005,45.11,1127,1098.1474378080284
2006,45.13,1068,1096.212338122361
2007,45.15,1132,1094.2778847037735
2008,45.17,1114,1092.344197443971
2009,45.19,1131,1090.411397305279
2010,45.21,1089,1088.4796063255544
2011,45.23,1081,1086.5489476203538
2012,45.25,1103,1084.6195453905457
2013,45.27,1125,1082.6915249239482
2014,45.29,1087,1080.7650126014705
2015,45.31,1119,1078.8401359004656
2016,45.33,1044,1076.917023399944
2017,45.35,1113,1074.9958047855926
2018,45.37,1152,1073.0766108525258
2019,45.39,1105,1071.159573511427
2020,45.41,1110,1069.2448257923706
2021,45.43,1090,1067.3325018488813
2022,45.45,1075,1065.4227369630016
2023,45.47,1060,1063.515667550958
2024,45.49,1109,1061.6114311648844
2025,45.51,1106,1059.7101665005584
2026,45.53,1139,1057.8120133988632
2027,45.55,1048,1055.917112853077
2028,45.57,1055,1054.025607011904
2029,45.59,1124,1052.137639184598
2030,45.61,989,1050.2533538450898
2031,45.63,1091,1048.3728966373264
2032,45.65,1075,1046.4964143794787
2033,45.67,1060,1044.6240550681887
2034,45.69,1094,1042.7559678837843
2035,45.71,1075,1040.892303194828
2036,45.73,1078,1039.0332125624846
2037,45.75,1097,1037.178848746038
2038,45.77,1113,1035.3293657060622
2039,45.79,1090,1033.4849186103165
2040,45.81,1102,1031.645663837884
2041,45.83,1072,1029.8117589844105
2042,45.85,1075,1027.9833628663664
2043,45.87,1109,1026.1606355257081
2044,45.89,1110,1024.343738234892
2045,45.91,1136,1022.5328335016984
2046,45.93,1152,1020.728085072722
2047,45.95,1053,1018.9296579411412
2048,45.97,1106,1017.1377183478526
2049,45.99,1012,1015.3524337881227
2050,46.01,1124,1013.5739730173727
2051,46.03,1047,1011.8025060535465
2052,46.05,1127,1010.0382041831081
2053,46.07,1029,1008.2812399673157
2054,46.09,1140,1006.5317872440546
2055,46.11,1125,1004.7900211348015
2056,46.13,1067,1003.0561180493005
2057,46.15,1051,1001.3302556898352
2058,46.17,1132,999.6126130558532
2059,46.19,1078,997.9033704498879
2060,46.21,1140,996.202709481222
2061,46.23,1071,994.5108130723038
2062,46.25,1080,992.8278654621563
2063,46.27,1071,991.15405221129
2064,46.29,1072,989.4895602086499
2065,46.31,1072,987.8345776731967
2066,46.33,1050,986.189294163185
2067,46.35,1132,984.553900576313
2068,46.37,1059,982.9285891582695
2069,46.39,1042,981.313553506775
2070,46.41,1094,979.7089885753157
2071,46.43,1022,978.1150906793664
2072,46.45,1073,976.5320575019377
2073,46.47,1051,974.9600880966809
2074,46.49,1141,973.3993828946086
2075,46.51,1039,971.8501437083469
2076,46.53,1088,970.3125737371529
2077,46.55,1040,968.7868775719844
2078,46.57,1033,967.2732612016007
2079,46.59,1047,965.7719320156111
2080,46.61,1057,964.2830988112155
2081,46.63,1067,962.8069717980525
2082,46.65,1057,961.3437626026216
2083,46.67,1085,959.8936842731973
2084,46.69,1083,958.4569512863245
2085,46.71,1016,957.0337795511678
2086,46.73,1066,955.624386413946
2087,46.75,977,954.2289906644019
2088,46.77,1064,952.8478125394977
2089,46.79,1018,951.4810737303224
2090,46.81,990,950.1289973852518
2091,46.83,1027,948.7918081172502
2092,46.85,989,947.4697320070927
2093,46.87,1012,946.1629966105575
2094,46.89,1096,944.8718309611813
2095,46.91,1047,943.5964655778353
2096,46.93,1048,942.337132468535
2097,46.95,1026,941.0940651366209
2098,46.97,999,939.8674985846483
2099,46.99,1011,938.6576693220304
2100,47.01,1000,937.4648153671596
2101,47.03,1003,936.289176255008
2102,47.05,1063,935.130993041691
2103,47.07,1020,933.9905083103649
2104,47.09,1032,932.8679661753677
2105,47.11,1049,931.7636122878102
2106,47.13,1077,930.6776938425546
2107,47.15,989,929.6104595811248
2108,47.17,1002,928.5621597984809
2109,47.19,984,927.5330463482114
2110,47.21,1010,926.5233726479901
2111,47.23,1015,925.5333936840834
2112,47.25,989,924.5633660185431
2113,47.27,995,923.6135477925545
2114,47.29,998,922.6841987330708
2115,47.31,1000,921.7755801575395
2116,47.33,997,920.8879549807525
2117,47.35,996,920.0215877180954
2118,47.37,989,919.1767444933657
2119,47.39,1018,918.3536930421415
2120,47.41,976,917.5527027177377
2121,47.43,1002,916.7740444988249
2122,47.45,962,916.0179909918843
2123,47.47,1061,915.2848164380121
2124,47.49,993,914.5747967190337
2125,47.51,1030,913.8882093621669
2126,47.53,1040,913.225333545497
2127,47.55,972,912.5864501044935
2128,47.57,992,911.9718415365469
2129,47.59,1012,911.3817920069505
2130,47.61,1076,910.8165873544085
2131,47.63,1024,910.2765150966834
2132,47.65,1005,909.761864436513
2133,47.67,959,909.2729262655675
2134,47.69,1038,908.8099931727475
2135,47.71,986,908.3733594480473
2136,47.73,1044,907.9633210877282
2137,47.75,999,907.5801758021025
2138,47.77,1005,907.2242230189559
2139,47.79,998,906.8957638897591
2140,47.81,1001,906.5951012970972
2141,47.83,976,906.3225398575942
2142,47.85,995,906.0783859293379
2143,47.87,962,905.8629476177985
2144,47.89,1016,905.6765347803139
2145,47.91,975,905.5194590322208
2146,47.93,978,905.3920337535801
2147,47.95,999,905.2945740942569
2148,47.97,1035,905.2273969784837
2149,47.99,981,905.1908211126838
2150,48.01,974,905.1851669901998
2151,48.03,998,905.2107568967494
2152,48.05,977,905.2679149168962
2153,48.07,1013,905.3569669399549
2154,48.09,1020,905.4782406646746
2155,48.11,949,905.6320656066518
2156,48.13,961,905.818773102792
2157,48.15,987,906.0386963183109
2158,48.17,1002,906.2921702512831
2159,48.19,929,906.5795317402744
2160,48.21,979,906.9011194680133
2161,48.23,922,907.2572739690013
2162,48.25,937,907.6483376355054
2163,48.27,982,908.0746547218787
2164,48.29,975,908.5365713516348
2165,48.31,928,909.0344355237994
2166,48.33,999,909.5685971175571
2167,48.35,1029,910.1394078992926
2168,48.37,994,910.7472215283615
2169,48.39,942,911.3923935618295
2170,48.41,949,912.0752814622601
2171,48.43,939,912.7962446034253
2172,48.45,933,913.5556442748293
2173,48.47,966,914.3538436887948
2174,48.49,974,915.1912079873782
2175,48.51,962,916.0681042464876
2176,48.53,977,916.9849014827241
2177,48.55,971,917.9419706601748
2178,48.57,914,918.9396846963518
2179,48.59,979,919.9784184663959
2180,48.61,940,921.058548811653
2181,48.63,912,922.1804545444484
2182,48.65,958,923.3445164547393
2183,48.67,934,924.5511173145851
2184,48.69,942,925.8006418878567
2185,48.71,989,927.0934769316582
2186,48.73,1018,928.4300112077553
2187,48.75,945,929.8106354838183
2188,48.77,1002,931.2357425419304
2189,48.79,979,932.7057271853273
2190,48.81,970,934.2209862439604
2191,48.83,949,935.7819185794897
2192,48.85,987,937.388925094032
2193,48.87,946,939.0424087339579
2194,48.89,944,940.7427744971565
2195,48.91,987,942.4904294391381
2196,48.93,965,944.2857826803365
2197,48.95,934,946.1292454102922
2198,48.97,907,948.0212308958116
2199,48.99,931,949.9621544863994
2200,49.01,931,951.9524336205632
2201,49.03,961,953.9924878321572
2202,49.05,905,956.0827387565187
2203,49.07,952,958.2236101377375
2204,49.09,902,960.4155278339404
2205,49.11,930,962.6589198244237
2206,49.13,911,964.9542162152893
2207,49.15,944,967.301849246227
2208,49.17,954,969.7022532957417
2209,49.19,972,972.1558648912551
2210,49.21,920,974.6631227104217
2211,49.23,923,977.2244675912962
2212,49.25,895,979.840342537329
2213,49.27,885,982.5111927231728
2214,49.29,875,985.2374655028616
2215,49.31,965,988.0196104153183
2216,49.33,974,990.8580791902377
2217,49.35,931,993.7533257556961
2218,49.37,902,996.7058062440246
2219,49.39,885,999.7159789979978
2220,49.41,955,1002.7843045782511
2221,49.43,907,1005.9112457693755
2222,49.45,949,1009.0972675858557
2223,49.47,935,1012.3428372796088
2224,49.49,918,1015.6484243464283
2225,49.51,893,1019.0145005315899
2226,49.53,917,1022.4415398371057
2227,49.55,903,1025.93001852838
2228,49.57,909,1029.4804151410926
2229,49.59,867,1033.0932104869853
2230,49.61,956,1036.7688876613975
2231,49.63,924,1040.5079320486593
2232,49.65,915,1044.3108313297344
2233,49.67,911,1048.1780754900137
2234,49.69,893,1052.1101568224785
2235,49.71,879,1056.107569937586
2236,49.73,896,1060.1708117696307
2237,49.75,905,1064.3003815811826
2238,49.77,900,1068.4967809721193
2239,49.79,857,1072.7605138857625
2240,49.81,896,1077.0920866151573
2241,49.83,885,1081.4920078099658
2242,49.85,893,1085.960788483375
2243,49.87,896,1090.4989420192742
2244,49.89,903,1095.1069841774597
2245,49.91,913,1099.7854331022609
2246,49.93,870,1104.5348093292132
2247,49.95,860,1109.3556357902526
2248,49.97,944,1114.2484378214695
2249,49.99,899,1119.2137431714318
