,x,y,y_pred
0,5.01,3107,3140.900424236453
1,5.03,3186,3132.403675359347
2,5.05,3117,3123.9188787959547
3,5.07,3057,3115.4462461976364
4,5.09,3066,3106.9859874136287
5,5.11,3007,3098.538310498121
6,5.13,3024,3090.1034217173233
7,5.15,3043,3081.681525556506
8,5.17,3066,3073.272824727044
9,5.19,2966,3064.877520173425
10,5.21,3034,3056.495811080262
11,5.23,3010,3048.1278948792733
12,5.25,2992,3039.773967256261
13,5.27,2993,3031.434222158071
14,5.29,2968,3023.108851799531
15,5.31,2911,3014.7980466703866
16,5.33,2952,3006.501995542209
17,5.35,2867,2998.2208854753
18,5.37,3060,2989.954901825571
19,5.39,2937,2981.7042282514185
20,5.41,2920,2973.4690467205724
21,5.43,2917,2965.2495375169437
22,5.45,2975,2957.045879247442
23,5.47,2952,2948.8582488487928
24,5.49,2914,2940.68682159433
25,5.51,2872,2932.5317711007765
26,5.53,2804,2924.393269335013
27,5.55,2875,2916.271486620829
28,5.57,2841,2908.1665916456577
29,5.59,2902,2900.078751467303
30,5.61,2851,2892.0081315206417
31,5.63,2840,2883.9548956243225
32,5.65,2799,2875.9192059874385
33,5.67,2860,2867.9012232161967
34,5.69,2863,2859.9011063205644
35,5.71,2783,2851.919012720903
36,5.73,2863,2843.9550982545925
37,5.75,2723,2836.0095171826315
38,5.77,2833,2828.082422196232
39,5.79,2716,2820.173964423395
40,5.81,2803,2812.284293435474
41,5.83,2773,2804.4135572537193
42,5.85,2706,2796.5619023558147
43,5.87,2769,2788.7294736823924
44,5.89,2717,2780.9164146435423
45,5.91,2637,2773.1228671252957
46,5.93,2737,2765.3489714961056
47,5.95,2712,2757.5948666133045
48,5.97,2685,2749.8606898295543
49,5.99,2665,2742.1465769992724
50,6.01,2681,2734.4526624850573
51,6.03,2629,2726.7790791640837
52,6.05,2807,2719.1259584345
53,6.07,2729,2711.4934302217944
54,6.09,2586,2703.8816229851654
55,6.11,2662,2696.290663723857
56,6.13,2640,2688.720677983498
57,6.15,2670,2681.171789862418
58,6.17,2616,2673.6441220179477
59,6.19,2721,2666.1377956727133
60,6.21,2715,2658.6529306209072
61,6.23,2677,2651.1896452345486
62,6.25,2596,2643.7480564697316
63,6.27,2696,2636.3282798728574
64,6.29,2698,2628.9304295868515
65,6.31,2701,2621.5546183573674
66,6.33,2629,2614.200957538978
67,6.35,2682,2606.869557101351
68,6.37,2602,2599.5605256354047
69,6.39,2686,2592.2739703594657
70,6.41,2672,2585.0099971253926
71,6.43,2573,2577.7687104247016
72,6.45,2674,2570.550213394668
73,6.47,2647,2563.35460782442
74,6.49,2670,2556.1819941610124
75,6.51,2641,2549.032471515493
76,6.53,2576,2541.9061376689488
77,6.55,2600,2534.803089078546
78,6.57,2512,2527.7234208835434
79,6.59,2580,2520.6672269113046
80,6.61,2597,2513.634599683292
81,6.63,2556,2506.6256304210424
82,6.65,2564,2499.640409052136
83,6.67,2581,2492.6790242161437
84,6.69,2513,2485.741563270568
85,6.71,2491,2478.8281122967664
86,6.73,2473,2471.9387561058575
87,6.75,2535,2465.073578244622
88,6.77,2558,2458.2326610013797
89,6.79,2550,2451.4160854118636
90,6.81,2578,2444.623931265069
91,6.83,2573,2437.8562771090947
92,6.85,2508,2431.1132002569743
93,6.87,2392,2424.3947767924856
94,6.89,2454,2417.7010815759472
95,6.91,2522,2411.03218825001
96,6.93,2366,2404.3881692454297
97,6.95,2511,2397.7690957868126
98,6.97,2439,2391.1750378983784
99,6.99,2440,2384.6060644096756
100,7.01,2407,2378.0622429613077
101,7.03,2358,2371.543640010631
102,7.05,2446,2365.050320837448
103,7.07,2347,2358.5823495496825
104,7.09,2389,2352.1397890890407
105,7.11,2320,2345.7227012366634
106,7.13,2359,2339.331146618756
107,7.15,2333,2332.9651847122173
108,7.17,2261,2326.6248738502395
109,7.19,2356,2320.310271227911
110,7.21,2307,2314.0214329077926
111,7.23,2347,2307.7584138254842
112,7.25,2279,2301.521267795183
113,7.27,2284,2295.310047515221
114,7.29,2346,2289.124804573593
115,7.31,2271,2282.96558945347
116,7.33,2279,2276.8324515387003
117,7.35,2299,2270.725439119296
118,7.37,2390,2264.644599396906
119,7.39,2251,2258.5899784902717
120,7.41,2294,2252.5616214406855
121,7.43,2212,2246.55957221741
122,7.45,2225,2240.583873723105
123,7.47,2265,2234.6345677992367
124,7.49,2268,2228.7116952314605
125,7.51,2259,2222.815295755014
126,7.53,2277,2216.9454080600726
127,7.55,2240,2211.102069797109
128,7.57,2227,2205.2853175822274
129,7.59,2184,2199.495187002501
130,7.61,2242,2193.7317126212697
131,7.63,2157,2187.994927983453
132,7.65,2200,2182.284865620833
133,7.67,2188,2176.6015570573254
134,7.69,2080,2170.9450328142443
135,7.71,2142,2165.3153224155453
136,7.73,2194,2159.7124543930636
137,7.75,2134,2154.136456291733
138,7.77,2152,2148.587354674792
139,7.79,2212,2143.0651751289824
140,7.81,2160,2137.569942269728
141,7.83,2105,2132.1016797463053
142,7.85,2237,2126.660410246996
143,7.87,2146,2121.2461555042305
144,7.89,2084,2115.858936299721
145,7.91,2154,2110.4987724695693
146,7.93,2166,2105.1656829093827
147,7.95,2083,2099.859685579346
148,7.97,2141,2094.5807975093203
149,7.99,2079,2089.3290348038886
150,8.01,2116,2084.104412647418
151,8.03,2031,2078.9069453090924
152,8.05,2078,2073.736646147943
153,8.07,2021,2068.5935276178543
154,8.09,1997,2063.47760127257
155,8.11,2072,2058.388877770675
156,8.13,2036,2053.3273668805705
157,8.15,2039,2048.2930774854344
158,8.17,2068,2043.286017588172
159,8.19,2008,2038.306194316347
160,8.21,2062,2033.3536139271023
161,8.23,1945,2028.4282818120814
162,8.25,2006,2023.5302025023075
163,8.27,2032,2018.6593796730826
164,8.29,1926,2013.8158161488445
165,8.31,1996,2008.9995139080397
166,8.33,1961,2004.2104740879595
167,8.35,1953,1999.4486969895738
168,8.37,2027,1994.7141820823535
169,8.39,1934,1990.0069280090752
170,8.41,2000,1985.326932590623
171,8.43,2007,1980.6741928307592
172,8.45,1977,1976.0487049208982
173,8.47,2003,1971.4504642448696
174,8.49,2000,1966.8794653836558
175,8.51,1957,1962.3357021201223
176,8.53,1968,1957.8191674437371
177,8.55,1942,1953.3298535552817
178,8.57,1953,1948.8677518715444
179,8.59,1907,1944.4328530299913
180,8.61,1918,1940.0251468934457
181,8.63,1953,1935.6446225547384
182,8.65,1941,1931.291268341356
183,8.67,1908,1926.965071820065
184,8.69,2003,1922.6660198015347
185,8.71,1962,1918.3940983449456
186,8.73,1957,1914.1492927625736
187,8.75,1936,1909.9315876243827
188,8.77,1980,1905.740966762582
189,8.79,1836,1901.5774132761903
190,8.81,1888,1897.4409095355772
191,8.83,1940,1893.331437186991
192,8.85,1826,1889.248977157084
193,8.87,1972,1885.1935096574157
194,8.89,1901,1881.1650141889436
195,8.91,1923,1877.1634695465086
196,8.93,1810,1873.188853823307
197,8.95,1976,1869.2411444153431
198,8.97,1851,1865.320318025872
199,8.99,1933,1861.4263506698417
200,9.01,1899,1857.5592176783043
201,9.03,1896,1853.7188937028268
202,9.05,1930,1849.9053527198876
203,9.07,1960,1846.11856803526
204,9.09,1785,1842.3585122883815
205,9.11,1886,1838.6251574567168
206,9.13,1924,1834.9184748600987
207,9.15,1820,1831.2384351650699
208,9.17,1910,1827.5850083892024
209,9.19,1894,1823.9581639054036
210,9.21,1802,1820.3578704462188
211,9.23,1854,1816.7840961081229
212,9.25,1783,1813.2368083557817
213,9.27,1867,1809.7159740263237
214,9.29,1816,1806.2215593335877
215,9.31,1820,1802.753529872356
216,9.33,1814,1799.311850622587
217,9.35,1910,1795.8964859536268
218,9.37,1823,1792.5073996284073
219,9.39,1847,1789.1445548076395
220,9.41,1767,1785.8079140539867
221,9.43,1807,1782.497439336239
222,9.45,1818,1779.213092033457
223,9.47,1793,1775.9548329391218
224,9.49,1847,1772.722622265254
225,9.51,1826,1769.5164196465457
226,9.53,1757,1766.3361841444575
227,9.55,1774,1763.1818742513065
228,9.57,1679,1760.0534478943723
229,9.59,1786,1756.9508624399327
230,9.61,1782,1753.8740746973558
231,9.63,1760,1750.82304092312
232,9.65,1756,1747.797716824868
233,9.67,1768,1744.798057565415
234,9.69,1707,1741.8240177667758
235,9.71,1762,1738.875551514146
236,9.73,1756,1735.952612359898
237,9.75,1785,1733.055153327567
238,9.77,1752,1730.1831269157965
239,9.79,1720,1727.3364851023048
240,9.81,1783,1724.515179347814
241,9.83,1780,1721.719160599992
242,9.85,1705,1718.9483792973574
243,9.87,1639,1716.2027853731938
244,9.89,1713,1713.4823282594361
245,9.91,1759,1710.7869568905649
246,9.93,1732,1708.1166197074585
247,9.95,1744,1705.471264661272
248,9.97,1754,1702.850839217268
249,9.99,1691,1700.255290358663
250,10.01,1687,1697.6845645904455
251,10.03,1705,1695.1386079431963
252,10.05,1766,1692.6173659768774
253,10.07,1724,1690.1207837846346
254,10.09,1720,1687.6488059965586
255,10.11,1684,1685.2013767834765
256,10.13,1660,1682.7784398606823
257,10.15,1663,1680.3799384916965
258,10.17,1687,1678.0058154919861
259,10.19,1656,1675.656013232693
260,10.21,1775,1673.3304736443451
261,10.23,1782,1671.0291382205482
262,10.25,1666,1668.7519480216702
263,10.27,1667,1666.4988436785252
264,10.29,1721,1664.2697653960295
265,10.31,1684,1662.0646529568562
266,10.33,1721,1659.8834457250773
267,10.35,1718,1657.7260826497895
268,10.37,1640,1655.5925022687343
269,10.39,1678,1653.4826427119078
270,10.41,1667,1651.3964417051525
271,10.43,1650,1649.333836573739
272,10.45,1669,1647.2947642459458
273,10.47,1713,1645.2791612566143
274,10.49,1664,1643.2869637507088
275,10.51,1706,1641.3181074868412
276,10.53,1697,1639.3725278408133
277,10.55,1634,1637.4501598091192
278,10.57,1615,1635.5509380124695
279,10.59,1597,1633.674796699268
280,10.61,1747,1631.8216697491043
281,10.63,1608,1629.9914906762237
282,10.65,1682,1628.1841926329862
283,10.67,1619,1626.3997084133193
284,10.69,1608,1624.6379704561577
285,10.71,1665,1622.8989108488659
286,10.73,1659,1621.1824613306608
287,10.75,1690,1619.4885532960093
288,10.77,1633,1617.817117798034
289,10.79,1689,1616.168085551889
290,10.81,1637,1614.5413869381246
291,10.83,1669,1612.9369520060673
292,10.85,1694,1611.354710477161
293,10.87,1618,1609.794591748298
294,10.89,1660,1608.2565248951628
295,10.91,1611,1606.7404386755356
296,10.93,1592,1605.246261532614
297,10.95,1642,1603.7739215982888
298,10.97,1677,1602.3233466964502
299,10.99,1646,1600.8944643462464
300,11.01,1569,1599.4872017653447
301,11.03,1668,1598.1014858732083
302,11.05,1684,1596.7372432943012
303,11.07,1610,1595.3944003613424
304,11.09,1544,1594.0728831185284
305,11.11,1573,1592.7726173247206
306,11.13,1639,1591.4935284566623
307,11.15,1566,1590.2355417121626
308,11.17,1639,1588.9985820132629
309,11.19,1640,1587.7825740094145
310,11.21,1638,1586.587442080625
311,11.23,1559,1585.4131103406053
312,11.25,1577,1584.2595026399067
313,11.27,1554,1583.1265425690376
314,11.29,1637,1582.0141534615796
315,11.31,1565,1580.9222583972905
316,11.33,1573,1579.850780205184
317,11.35,1561,1578.7996414666268
318,11.37,1545,1577.7687645183896
319,11.39,1546,1576.7580714557248
320,11.41,1590,1575.7674841353996
321,11.43,1566,1574.79692417874
322,11.45,1641,1573.8463129746547
323,11.47,1652,1572.9155716826608
324,11.49,1543,1572.004621235877
325,11.51,1628,1571.113382344025
326,11.53,1605,1570.2417754964195
327,11.55,1561,1569.3897209649263
328,11.57,1604,1568.5571388069507
329,11.59,1550,1567.7439488683685
330,11.61,1550,1566.9500707864786
331,11.63,1651,1566.1754239929369
332,11.65,1585,1565.4199277166745
333,11.67,1576,1564.683500986815
334,11.69,1601,1563.966062635559
335,11.71,1564,1563.2675313011027
336,11.73,1577,1562.5878254304967
337,11.75,1563,1561.9268632825183
338,11.77,1601,1561.284562930542
339,11.79,1602,1560.6608422653808
340,11.81,1522,1560.0556189981253
341,11.83,1527,1559.4688106629674
342,11.85,1601,1558.900334620038
343,11.87,1634,1558.3501080582014
344,11.89,1515,1557.8180479978314
345,11.91,1574,1557.3040712936536
346,11.93,1529,1556.808094637472
347,11.95,1608,1556.3300345609591
348,11.97,1526,1555.8698074384079
349,11.99,1547,1555.4273294894747
350,12.01,1583,1555.002516781935
351,12.03,1570,1554.595285234378
352,12.05,1530,1554.2055506189567
353,12.07,1546,1553.8332285640577
354,12.09,1531,1553.478234557038
355,12.11,1511,1553.1404839468696
356,12.13,1575,1552.8198919468564
357,12.15,1563,1552.5163736372606
358,12.17,1547,1552.2298439679844
359,12.19,1536,1551.960217761211
360,12.21,1586,1551.707409714028
361,12.23,1522,1551.4713344010624
362,12.25,1514,1551.2519062771103
363,12.27,1511,1551.0490396797081
364,12.29,1504,1550.862648831751
365,12.31,1467,1550.69264784408
366,12.33,1504,1550.5389507180585
367,12.35,1577,1550.4014713481092
368,12.37,1525,1550.2801235243146
369,12.39,1504,1550.174820934922
370,12.41,1493,1550.0854771689087
371,12.43,1563,1550.0120057184972
372,12.45,1557,1549.9543199816562
373,12.47,1536,1549.9123332646304
374,12.49,1557,1549.8859587844322
375,12.51,1472,1549.8751096713195
376,12.53,1496,1549.8796989712664
377,12.55,1494,1549.8996396484508
378,12.57,1460,1549.9348445876908
379,12.59,1578,1549.9852265969148
380,12.61,1555,1550.050698409575
381,12.63,1515,1550.1311726870886
382,12.65,1543,1550.2265620212456
383,12.67,1553,1550.3367789366398
384,12.69,1545,1550.4617358930377
385,12.71,1585,1550.6013452877878
386,12.73,1506,1550.7555194581919
387,12.75,1613,1550.9241706838816
388,12.77,1491,1551.1072111891585
389,12.79,1541,1551.3045531453681
390,12.81,1543,1551.516108673241
391,12.83,1527,1551.741789845189
392,12.85,1593,1551.9815086876797
393,12.87,1472,1552.2351771834892
394,12.89,1533,1552.5027072740595
395,12.91,1596,1552.7840108617588
396,12.93,1483,1553.0789998121627
397,12.95,1537,1553.3875859563605
398,12.97,1524,1553.7096810931657
399,12.99,1549,1554.045196991423
400,13.01,1572,1554.3940453922241
401,13.03,1595,1554.7561380111492
402,13.05,1507,1555.131386540501
403,13.07,1517,1555.5197026515052
404,13.09,1542,1555.9209979965294
405,13.11,1548,1556.3351842112852
406,13.13,1533,1556.7621729170091
407,13.15,1483,1557.2018757226365
408,13.17,1559,1557.6542042269762
409,13.19,1580,1558.1190700208913
410,13.21,1564,1558.596384689401
411,13.23,1551,1559.0860598138775
412,13.25,1557,1559.5880069741384
413,13.27,1474,1560.102137750589
414,13.29,1548,1560.6283637263305
415,13.31,1566,1561.1665964892659
416,13.33,1591,1561.7167476341947
417,13.35,1537,1562.278728764903
418,13.37,1542,1562.8524514962182
419,13.39,1533,1563.43782745611
420,13.41,1499,1564.034768287731
421,13.43,1517,1564.6431856514678
422,13.45,1578,1565.2629912269617
423,13.47,1548,1565.8940967151889
424,13.49,1558,1566.5364138404252
425,13.51,1495,1567.1898543523002
426,13.53,1540,1567.8543300277743
427,13.55,1515,1568.5297526731401
428,13.57,1546,1569.2160341260283
429,13.59,1584,1569.9130862573502
430,13.61,1449,1570.620820973289
431,13.63,1560,1571.3391502172353
432,13.65,1515,1572.0679859717616
433,13.67,1539,1572.8072402605526
434,13.69,1502,1573.5568251503228
435,13.71,1531,1574.3166527527642
436,13.73,1552,1575.086635226413
437,13.75,1550,1575.8666847786117
438,13.77,1491,1576.6567136673784
439,13.79,1607,1577.4566342032608
440,13.81,1532,1578.2663587512766
441,13.83,1598,1579.0857997327448
442,13.85,1503,1579.9148696271118
443,13.87,1627,1580.7534809738772
444,13.89,1560,1581.6015463743774
445,13.91,1540,1582.4589784936375
446,13.93,1576,1583.3256900622055
447,13.95,1540,1584.2015938779386
448,13.97,1522,1585.0866028078308
449,13.99,1513,1585.9806297898253
450,14.01,1549,1586.8835878345494
451,14.03,1490,1587.7953900271555
452,14.05,1613,1588.7159495290416
453,14.07,1551,1589.645179579672
454,14.09,1546,1590.582993498249
455,14.11,1514,1591.529304685529
456,14.13,1621,1592.4840266255455
457,14.15,1541,1593.4470728872889
458,14.17,1626,1594.4183571264816
459,14.19,1575,1595.3977930872852
460,14.21,1581,1596.3852946039392
461,14.23,1552,1597.3807756025217
462,14.25,1508,1598.3841501026182
463,14.27,1594,1599.395332218965
464,14.29,1624,1600.4142361631634
465,14.31,1491,1601.4407762452956
466,14.33,1581,1602.4748668755979
467,14.35,1497,1603.5164225660887
468,14.37,1537,1604.5653579322284
469,14.39,1625,1605.6215876945057
470,14.41,1538,1606.685026680063
471,14.43,1612,1607.755589824344
472,14.45,1586,1608.8331921726376
473,14.47,1583,1609.917748881683
474,14.49,1542,1611.0091752212743
475,14.51,1533,1612.1073865758108
476,14.53,1633,1613.2122984458724
477,14.55,1533,1614.3238264497577
478,14.57,1506,1615.4418863250762
479,14.59,1610,1616.5663939302272
480,14.61,1651,1617.6972652459863
481,14.63,1621,1618.8344163769698
482,14.65,1545,1619.9777635532341
483,14.67,1553,1621.127223131687
484,14.69,1588,1622.2827115976538
485,14.71,1613,1623.444145566325
486,14.73,1630,1624.6114417842682
487,14.75,1648,1625.7845171308918
488,14.77,1578,1626.963288619881
489,14.79,1544,1628.1476734007156
490,14.81,1600,1629.3375887600541
491,14.83,1590,1630.5329521232088
492,14.85,1582,1631.733681055573
493,14.87,1576,1632.9396932640434
494,14.89,1619,1634.150906598411
495,14.91,1615,1635.3672390528436
496,14.93,1582,1636.588608767171
497,14.95,1536,1637.8149340283803
498,14.97,1660,1639.04613327194
499,14.99,1603,1640.2821250831985
500,15.01,1636,1641.5228281987156
501,15.03,1598,1642.7681615076872
502,15.05,1630,1644.0180440532522
503,15.07,1620,1645.2723950337995
504,15.09,1644,1646.531133804392
505,15.11,1587,1647.7941798780134
506,15.13,1572,1649.0614529269333
507,15.15,1592,1650.3328727839862
508,15.17,1611,1651.6083594439028
509,15.19,1648,1652.887833064579
510,15.21,1604,1654.1712139683827
511,15.23,1587,1655.4584226434354
512,15.25,1682,1656.749379744835
513,15.27,1581,1658.044006096004
514,15.29,1603,1659.3422226898228
515,15.31,1530,1660.6439506900329
516,15.33,1522,1661.9491114323396
517,15.35,1651,1663.257626425706
518,15.37,1613,1664.5694173535712
519,15.39,1634,1665.8844060750516
520,15.41,1608,1667.2025146261726
521,15.43,1596,1668.523665221026
522,15.45,1588,1669.8477802530283
523,15.47,1556,1671.174782296032
524,15.49,1644,1672.504594105551
525,15.51,1623,1673.8371386199206
526,15.53,1613,1675.1723389614413
527,15.55,1642,1676.5101184375371
528,15.57,1671,1677.850400541929
529,15.59,1608,1679.193108955738
530,15.61,1700,1680.5381675486378
531,15.63,1604,1681.8855003799617
532,15.65,1570,1683.2350316998186
533,15.67,1662,1684.586685950237
534,15.69,1638,1685.9403877661894
535,15.71,1550,1687.2960619767623
536,15.73,1586,1688.6536336061913
537,15.75,1610,1690.0130278749866
538,15.77,1602,1691.3741702009224
539,15.79,1628,1692.736986200167
540,15.81,1718,1694.1014016883291
541,15.83,1639,1695.467342681497
542,15.85,1671,1696.8347353972663
543,15.87,1661,1698.203506255742
544,15.89,1684,1699.5735818806515
545,15.91,1643,1700.944889100269
546,15.93,1638,1702.317354948535
547,15.95,1621,1703.6909066658873
548,15.97,1682,1705.0654717004504
549,15.99,1637,1706.4409777088586
550,16.01,1635,1707.8173525573661
551,16.03,1605,1709.1945243227206
552,16.05,1715,1710.5724212931668
553,16.07,1633,1711.9509719694493
554,16.09,1659,1713.3301050656569
555,16.11,1716,1714.7097495102616
556,16.13,1687,1716.0898344470288
557,16.15,1621,1717.4702892359223
558,16.17,1711,1718.8510434540385
559,16.19,1665,1720.232026896515
560,16.21,1677,1721.6131695774661
561,16.23,1687,1722.9944017308335
562,16.25,1636,1724.3756538113325
563,16.27,1684,1725.7568564952958
564,16.29,1615,1727.1379406815454
565,16.31,1614,1728.5188374923223
566,16.33,1642,1729.8994782740597
567,16.35,1679,1731.279794598347
568,16.37,1665,1732.6597182626638
569,16.39,1693,1734.0391812913308
570,16.41,1674,1735.418115936261
571,16.43,1667,1736.7964546778117
572,16.45,1631,1738.1741302256255
573,16.47,1749,1739.5510755194546
574,16.49,1701,1740.9272237299078
575,16.51,1694,1742.302508259293
576,16.53,1639,1743.6768627424103
577,16.55,1737,1745.0502210473364
578,16.57,1694,1746.4225172761644
579,16.59,1621,1747.7936857658256
580,16.61,1683,1749.1636610888618
581,16.63,1635,1750.5323780540907
582,16.65,1631,1751.8997717075008
583,16.67,1736,1753.265777332846
584,16.69,1692,1754.630330452485
585,16.71,1747,1755.9933668280728
586,16.73,1645,1757.3548224612755
587,16.75,1721,1758.7146335945276
588,16.77,1682,1760.0727367116706
589,16.79,1653,1761.4290685387305
590,16.81,1699,1762.7835660445744
591,16.83,1712,1764.1361664415945
592,16.85,1693,1765.486807186372
593,16.87,1609,1766.8354259804546
594,16.89,1721,1768.181960770888
595,16.91,1727,1769.5263497509445
596,16.93,1614,1770.8685313607853
597,16.95,1661,1772.2084442881023
598,16.97,1625,1773.5460274687216
599,16.99,1718,1774.8812200873049
600,17.01,1702,1776.2139615778974
601,17.03,1674,1777.5441916246377
602,17.05,1717,1778.8718501622852
603,17.07,1656,1780.1968773769086
604,17.09,1632,1781.5192137064237
605,17.11,1784,1782.838799841195
606,17.13,1680,1784.155576724665
607,17.15,1742,1785.4694855539142
608,17.17,1674,1786.7804677802105
609,17.19,1734,1788.0884651096108
610,17.21,1608,1789.3934195035094
611,17.23,1677,1790.6952731792003
612,17.25,1767,1791.9939686104067
613,17.27,1763,1793.2894485278148
614,17.29,1716,1794.5816559196905
615,17.31,1654,1795.8705340323045
616,17.33,1718,1797.1560263704787
617,17.35,1775,1798.4380766981762
618,17.37,1714,1799.7166290389127
619,17.39,1772,1800.9916276763151
620,17.41,1687,1802.2630171546084
621,17.43,1760,1803.5307422791093
622,17.45,1691,1804.7947481166916
623,17.47,1676,1806.0549799962773
624,17.49,1678,1807.3113835093109
625,17.51,1677,1808.563904510233
626,17.53,1690,1809.812489116901
627,17.55,1748,1811.0570837110754
628,17.57,1771,1812.297634938851
629,17.59,1698,1813.5340897111287
630,17.61,1710,1814.7663952039848
631,17.63,1793,1815.994498859142
632,17.65,1783,1817.2183483844196
633,17.67,1749,1818.4378917540603
634,17.69,1728,1819.653077209221
635,17.71,1662,1820.86385325831
636,17.73,1825,1822.0701686774855
637,17.75,1708,1823.2719725109173
638,17.77,1789,1824.469214071194
639,17.79,1685,1825.6618429398532
640,17.81,1742,1826.849808967505
641,17.83,1717,1828.033062274405
642,17.85,1747,1829.211553250746
643,17.87,1745,1830.3852325569146
644,17.89,1756,1831.5540511240283
645,17.91,1823,1832.7179601540965
646,17.93,1769,1833.8769111204524
647,17.95,1744,1835.0308557680642
648,17.97,1729,1836.1797461138594
649,17.99,1731,1837.323534447009
650,18.01,1802,1838.4621733292765
651,18.03,1766,1839.5956155953177
652,18.05,1715,1840.7238143529603
653,18.07,1805,1841.8467229835192
654,18.09,1729,1842.964295142042
655,18.11,1795,1844.0764847576806
656,18.13,1802,1845.183246033806
657,18.15,1798,1846.2845334484718
658,18.17,1711,1847.3803017545338
659,18.19,1767,1848.4705059799544
660,18.21,1834,1849.5551014280868
661,18.23,1779,1850.634043677825
662,18.25,1737,1851.7072885839561
663,18.27,1735,1852.7747922773528
664,18.29,1749,1853.8365111651437
665,18.31,1764,1854.8924019310275
666,18.33,1745,1855.9424215354502
667,18.35,1860,1856.986527215745
668,18.37,1812,1858.024676486465
669,18.39,1763,1859.056827139534
670,18.41,1849,1860.0829372443868
671,18.43,1743,1861.10296514821
672,18.45,1864,1862.1168694760918
673,18.47,1834,1863.1246091312782
674,18.49,1792,1864.1261432952106
675,18.51,1756,1865.1214314278168
676,18.53,1889,1866.110433267605
677,18.55,1854,1867.093108831797
678,18.57,1861,1868.0694184165686
679,18.59,1827,1869.0393225970615
680,18.61,1814,1870.0027822276743
681,18.63,1884,1870.9597584420349
682,18.65,1818,1871.910212653243
683,18.67,1840,1872.854106553948
684,18.69,1839,1873.7914021164647
685,18.71,1861,1874.722061592855
686,18.73,1878,1875.6460475151148
687,18.75,1880,1876.5633226951772
688,18.77,1807,1877.4738502250548
689,18.79,1912,1878.3775934769528
690,18.81,1925,1879.2745161032217
691,18.83,1779,1880.1645820366211
692,18.85,1905,1881.047755490285
693,18.87,1897,1881.9240009578034
694,18.89,1875,1882.79328321318
695,18.91,1892,1883.6555673111748
696,18.93,1877,1884.510818586994
697,18.95,1841,1885.3590026565566
698,18.97,1918,1886.2000854165722
699,18.99,1913,1887.0340330443464
700,19.01,1793,1887.8608119980322
701,19.03,1883,1888.680389016562
702,19.05,1804,1889.4927311196475
703,19.07,1886,1890.2978056078036
704,19.09,1833,1891.0955800624665
705,19.11,1952,1891.886022345724
706,19.13,1907,1892.6691006006936
707,19.15,1874,1893.4447832511078
708,19.17,1882,1894.2130390016382
709,19.19,1929,1894.9738368376852
710,19.21,1902,1895.727146025402
711,19.23,1936,1896.472936111672
712,19.25,1876,1897.2111769240814
713,19.27,1918,1897.9418385708846
714,19.29,1863,1898.6648914408988
715,19.31,1845,1899.380306203555
716,19.33,1877,1900.0880538087458
717,19.35,1832,1900.7881054868271
718,19.37,1870,1901.4804327485454
719,19.39,1896,1902.1650073849241
720,19.41,1869,1902.8418014673007
721,19.43,1947,1903.5107873470492
722,19.45,1901,1904.1719376557098
723,19.47,1962,1904.8252253047726
724,19.49,1957,1905.4706234855994
725,19.51,1942,1906.1081056693797
726,19.53,1906,1906.737645606922
727,19.55,2025,1907.3592173286634
728,19.57,1961,1907.972795144462
729,19.59,2007,1908.5783536435592
730,19.61,1907,1909.1758676943564
731,19.63,1939,1909.7653124443254
732,19.65,2048,1910.3466633199941
733,19.67,1974,1910.9198960265612
734,19.69,1842,1911.4849865480196
735,19.71,1970,1912.0419111467886
736,19.73,2001,1912.5906463636748
737,19.75,1905,1913.1311690177413
738,19.77,1961,1913.6634562060435
739,19.79,2030,1914.1874853035051
740,19.81,1973,1914.7032339628076
741,19.83,1961,1915.2106801140667
742,19.85,2006,1915.7098019648934
743,19.87,1894,1916.2005779998963
744,19.89,2005,1916.6829869807138
745,19.91,1916,1917.1570079458133
746,19.93,1962,1917.6226202101261
747,19.95,1962,1918.0798033650335
748,19.97,2061,1918.5285372780513
749,19.99,2030,1918.9688020925355
750,20.01,1998,1919.4005782277504
751,20.03,2002,1919.8238463783023
752,20.05,2028,1920.238587514155
753,20.07,2003,1920.6447828802452
754,20.09,1985,1921.0424139963197
755,20.11,2010,1921.4314626567602
756,20.13,2043,1921.8119109301379
757,20.15,2043,1922.1837411591464
758,20.17,1945,1922.546935960294
759,20.19,1998,1922.9014782236018
760,20.21,2007,1923.247351112408
761,20.23,2020,1923.5845380629676
762,20.25,2034,1923.9130227844234
763,20.27,2030,1924.2327892582425
764,20.29,2082,1924.5438217380997
765,20.31,2008,1924.8461047496166
766,20.33,1964,1925.1396230899845
767,20.35,1961,1925.4243618276068
768,20.37,2104,1925.7003063020825
769,20.39,2031,1925.967442123495
770,20.41,2079,1926.2257551724697
771,20.43,2052,1926.4752315996561
772,20.45,1954,1926.7158578255057
773,20.47,2016,1926.9476205398141
774,20.49,2026,1927.1705067015632
775,20.51,2063,1927.3845035385607
776,20.53,2037,1927.5895985469547
777,20.55,2155,1927.7857794911374
778,20.57,2059,1927.9730344031045
779,20.59,2010,1928.1513515823913
780,20.61,2062,1928.3207195956506
781,20.63,2120,1928.4811272760885
782,20.65,2040,1928.6325637234027
783,20.67,2141,1928.7750183032722
784,20.69,2126,1928.9084806469577
785,20.71,2080,1929.0329406509409
786,20.73,2229,1929.1483884766958
787,20.75,2154,1929.254814550166
788,20.77,2140,1929.3522095612848
789,20.79,2055,1929.4405644638582
790,20.81,2177,1929.5198704749969
791,20.83,2125,1929.5901190746958
792,20.85,2152,1929.6513020055609
793,20.87,2037,1929.7034112722658
794,20.89,2114,1929.7464391412864
795,20.91,2144,1929.780378140289
796,20.93,2117,1929.8052210580263
797,20.95,2104,1929.8209609435457
798,20.97,2097,1929.827591106061
799,20.99,2105,1929.8251051143716
800,21.01,2140,1929.8134967964884
801,21.03,2176,1929.7927602391787
802,21.05,2127,1929.7628897875134
803,21.07,2131,1929.7238800444907
804,21.09,2153,1929.6757258704702
805,21.11,2010,1929.6184223828468
806,21.13,2254,1929.551964955503
807,21.15,2150,1929.4763492183633
808,21.17,2111,1929.3915710570627
809,21.19,2172,1929.2976266122446
810,21.21,2101,1929.1945122792963
811,21.23,2179,1929.0822247077626
812,21.25,2186,1928.9607608009287
813,21.27,2153,1928.8301177152957
814,21.29,2217,1928.6902928600834
815,21.31,2210,1928.5412838969032
816,21.33,2168,1928.3830887389163
817,21.35,2175,1928.2157055507737
818,21.37,2204,1928.039132747701
819,21.39,2166,1927.8533689953783
820,21.41,2160,1927.6584132090957
821,21.43,2186,1927.4542645535125
822,21.45,2170,1927.2409224419162
823,21.47,2234,1927.0183865358758
824,21.49,2163,1926.786656744648
825,21.51,2142,1926.5457332246401
826,21.53,2109,1926.2956163789563
827,21.55,2185,1926.0363068567972
828,21.57,2175,1925.767805552879
829,21.59,2155,1925.4901136069366
830,21.61,2190,1925.2032324033717
831,21.63,2132,1924.9071635703372
832,21.65,2194,1924.6019089795136
833,21.67,2263,1924.2874707453543
834,21.69,2153,1923.9638512246374
835,21.71,2158,1923.6310530158553
836,21.73,2184,1923.2890789586818
837,21.75,2165,1922.9379321333317
838,21.77,2166,1922.5776158601661
839,21.79,2154,1922.2081336989258
840,21.81,2136,1921.829489448191
841,21.83,2193,1921.4416871449102
842,21.85,2275,1921.0447310637542
843,21.87,2189,1920.6386257164686
844,21.89,2150,1920.223375851377
845,21.91,2198,1919.798986452755
846,21.93,2108,1919.3654627401806
847,21.95,2194,1918.922810168036
848,21.97,2049,1918.4710344247874
849,21.99,2165,1918.010141432554
850,22.01,2258,1917.5401373462214
851,22.03,2132,1917.0610285532007
852,22.05,2109,1916.5728216724056
853,22.07,2170,1916.0755235538945
854,22.09,2134,1915.5691412783017
855,22.11,2082,1915.0536821559172
856,22.13,2204,1914.529153726403
857,22.15,2060,1913.9955637579346
858,22.17,2168,1913.4529202464832
859,22.19,2089,1912.9012314156193
860,22.21,2268,1912.340505715336
861,22.23,2056,1911.770751821714
862,22.25,2171,1911.1919786362691
863,22.27,2090,1910.6041952851465
864,22.29,2193,1910.0074111186186
865,22.31,2147,1909.4016357102992
866,22.33,2132,1908.7868788567225
867,22.35,2169,1908.1631505763075
868,22.37,2146,1907.5304611090096
869,22.39,2098,1906.8888209155693
870,22.41,2181,1906.2382406767438
871,22.43,2146,1905.5787312928005
872,22.45,2077,1904.9103038825679
873,22.47,2159,1904.2329697831933
874,22.49,2132,1903.5467405489153
875,22.51,2121,1902.8516279509195
876,22.53,2124,1902.1476439761618
877,22.55,2131,1901.4348008271877
878,22.57,2052,1900.713110920863
879,22.59,2139,1899.9825868881767
880,22.61,2056,1899.2432415732806
881,22.63,2066,1898.4950880328283
882,22.65,2094,1897.7381395353218
883,22.67,2141,1896.9724095603287
884,22.69,2228,1896.1979117979217
885,22.71,2061,1895.414660147674
886,22.73,2153,1894.6226687183125
887,22.75,2075,1893.8219518267038
888,22.77,2035,1893.0125239972585
889,22.79,2044,1892.1943999612063
890,22.81,2067,1891.3675946558665
891,22.83,2045,1890.5321232239608
892,22.85,2066,1889.6880010126383
893,22.87,2094,1888.8352435731595
894,22.89,2078,1887.973866659821
895,22.91,2034,1887.1038862293535
896,22.93,2075,1886.225318440041
897,22.95,2056,1885.3381796512376
898,22.97,1986,1884.442486422443
899,22.99,2023,1883.5382555125325
900,23.01,1960,1882.6255038790605
901,23.03,2030,1881.7042486774612
902,23.05,2058,1880.774507260493
903,23.07,2091,1879.836297177088
904,23.09,1993,1878.8896361719644
905,23.11,1933,1877.9345421847042
906,23.13,1994,1876.9710333488802
907,23.15,2012,1875.9991279915075
908,23.17,1937,1875.018844632135
909,23.19,1969,1874.0302019821138
910,23.21,1996,1873.0332189438286
911,23.23,1993,1872.0279146097814
912,23.25,1833,1871.0143082620343
913,23.27,2018,1869.9924193713032
914,23.29,1918,1868.9622675961955
915,23.31,1979,1867.923872782329
916,23.33,1926,1866.8772549618438
917,23.35,1917,1865.8224343520224
918,23.37,1934,1864.7594313551863
919,23.39,1861,1863.688266557489
920,23.41,1980,1862.608960728042
921,23.43,1919,1861.5215348185543
922,23.45,1915,1860.4260099620615
923,23.47,1904,1859.3224074722416
924,23.49,1879,1858.210748842927
925,23.51,1920,1857.0910557467478
926,23.53,1811,1855.9633500347995
927,23.55,1891,1854.8276537355264
928,23.57,1893,1853.6839890541523
929,23.59,1945,1852.5323783715758
930,23.61,1861,1851.3728442437832
931,23.63,1916,1850.2054094008608
932,23.65,1831,1849.0300967463427
933,23.67,1878,1847.8469293562348
934,23.69,1925,1846.655930478301
935,23.71,1818,1845.457123530945
936,23.73,1860,1844.250532102957
937,23.75,1840,1843.036179952082
938,23.77,1835,1841.8140910044494
939,23.79,1885,1840.5842893537624
940,23.81,1720,1839.3467992603573
941,23.83,1786,1838.1016451503888
942,23.85,1851,1836.8488516150946
943,23.87,1801,1835.5884434097516
944,23.89,1789,1834.3204454529832
945,23.91,1864,1833.0448828258254
946,23.93,1824,1831.7617807709007
947,23.95,1770,1830.4711646915148
948,23.97,1870,1829.1730601510217
949,23.99,1842,1827.8674928716382
950,24.01,1797,1826.5544887337546
951,24.03,1821,1825.2340737751106
952,24.05,1735,1823.9062741897897
953,24.07,1797,1822.5711163275969
954,24.09,1811,1821.2286266928309
955,24.11,1758,1819.8788319437858
956,24.13,1783,1818.5217588916794
957,24.15,1778,1817.1574344997475
958,24.17,1682,1815.7858858825111
959,24.19,1726,1814.4071403047506
960,24.21,1737,1813.0212251807538
961,24.23,1705,1811.6281680733878
962,24.25,1813,1810.2279966932442
963,24.27,1697,1808.820738897689
964,24.29,1764,1807.4064226899563
965,24.31,1752,1805.9850762184938
966,24.33,1897,1804.5567277757696
967,24.35,1731,1803.121405797498
968,24.37,1816,1801.6791388619163
969,24.39,1746,1800.2299556885773
970,24.41,1787,1798.7738851377658
971,24.43,1740,1797.3109562094428
972,24.45,1695,1795.8411980422252
973,24.47,1746,1794.3646399127929
974,24.49,1705,1792.881311234798
975,24.51,1724,1791.3912415579052
976,24.53,1742,1789.8944605671154
977,24.55,1668,1788.390998081542
978,24.57,1715,1786.8808840538632
979,24.59,1748,1785.3641485692106
980,24.61,1693,1783.8408218441496
981,24.63,1644,1782.3109342260768
982,24.65,1687,1780.7745161920484
983,24.67,1714,1779.2315983479116
984,24.69,1633,1777.6822114276024
985,24.71,1603,1776.1263862919254
986,24.73,1655,1774.5641539278781
987,24.75,1629,1772.9955454475594
988,24.77,1744,1771.4205920872942
989,24.79,1656,1769.8393252068872
990,24.81,1667,1768.251776288383
991,24.83,1711,1766.6579769355235
992,24.85,1649,1765.0579588724681
993,24.87,1620,1763.451753943013
994,24.89,1603,1761.8393941097734
995,24.91,1665,1760.2209114530474
996,24.93,1631,1758.596338170094
997,24.95,1615,1756.9657065740034
998,24.97,1621,1755.3290490929785
999,24.99,1543,1753.6863982692707
1000,25.01,1673,1752.03778675805
1001,25.03,1642,1750.3832473269817
1002,25.05,1648,1748.7228128549136
1003,25.07,1548,1747.0565163309152
1004,25.09,1597,1745.384390853519
1005,25.11,1646,1743.7064696297216
1006,25.13,1621,1742.0227859739525
1007,25.15,1485,1740.333373307324
1008,25.17,1602,1738.6382651565432
1009,25.19,1595,1736.9374951529512
1010,25.21,1602,1735.2310970316967
1011,25.23,1528,1733.5191046306422
1012,25.25,1572,1731.8015518895836
1013,25.27,1543,1730.0784728491844
1014,25.29,1619,1728.3499016501005
1015,25.31,1535,1726.6158725319556
1016,25.33,1672,1724.8764198323856
1017,25.35,1478,1723.1315779862312
1018,25.37,1530,1721.3813815244566
1019,25.39,1594,1719.6258650732666
1020,25.41,1643,1717.865063353092
1021,25.43,1563,1716.0990111775432
1022,25.45,1542,1714.3277434528186
1023,25.47,1547,1712.5512951762503
1024,25.49,1518,1710.7697014358373
1025,25.51,1557,1708.982997408902
1026,25.53,1569,1707.1912183612762
1027,25.55,1597,1705.3943996464627
1028,25.57,1537,1703.5925767045692
1029,25.59,1526,1701.7857850610976
1030,25.61,1494,1699.9740603266132
1031,25.63,1476,1698.1574381950745
1032,25.65,1466,1696.3359544434416
1033,25.67,1503,1694.5096449302637
1034,25.69,1605,1692.678545595088
1035,25.71,1536,1690.8426924571704
1036,25.73,1473,1689.002121614863
1037,25.75,1498,1687.1568692442916
1038,25.77,1630,1685.306971598629
1039,25.79,1500,1683.4524650070475
1040,25.81,1486,1681.59338587383
1041,25.83,1604,1679.7297706770687
1042,25.85,1477,1677.8616559684
1043,25.87,1529,1675.989078371123
1044,25.89,1508,1674.1120745801309
1045,25.91,1441,1672.2306813601463
1046,25.93,1496,1670.344935545429
1047,25.95,1532,1668.454874038328
1048,25.97,1577,1666.5605338084379
1049,25.99,1503,1664.6619518919101
1050,26.01,1525,1662.759165389904
1051,26.03,1509,1660.85221146817
1052,26.05,1473,1658.9411273559144
1053,26.07,1475,1657.0259503446132
1054,26.09,1454,1655.1067177871682
1055,26.11,1494,1653.1834670971843
1056,26.13,1509,1651.2562357475254
1057,26.15,1501,1649.3250612698357
1058,26.17,1501,1647.3899812531226
1059,26.19,1489,1645.4510333430276
1060,26.21,1484,1643.508255240783
1061,26.23,1480,1641.5616847024367
1062,26.25,1437,1639.6113595373185
1063,26.27,1520,1637.6573176078277
1064,26.29,1520,1635.6995968279202
1065,26.31,1484,1633.7382351622114
1066,26.33,1453,1631.7732706251277
1067,26.35,1471,1629.8047412798687
1068,26.37,1468,1627.8326852374903
1069,26.39,1463,1625.8571406558367
1070,26.41,1525,1623.8781457384835
1071,26.43,1538,1621.8957387340956
1072,26.45,1510,1619.9099579350045
1073,26.47,1497,1617.9208416765882
1074,26.49,1534,1615.928428336087
1075,26.51,1512,1613.9327563318634
1076,26.53,1512,1611.933864122063
1077,26.55,1517,1609.931790203926
1078,26.57,1434,1607.9265731126302
1079,26.59,1515,1605.9182514206286
1080,26.61,1501,1603.9068637361247
1081,26.63,1483,1601.8924487026748
1082,26.65,1396,1599.8750449977597
1083,26.67,1440,1597.8546913322498
1084,26.69,1459,1595.8314264488813
1085,26.71,1476,1593.8052891216685
1086,26.73,1509,1591.7763181550727
1087,26.75,1498,1589.744552382328
1088,26.77,1515,1587.710030665271
1089,26.79,1515,1585.672791892894
1090,26.81,1449,1583.6328749804225
1091,26.83,1410,1581.590318868642
1092,26.85,1388,1579.5451625222809
1093,26.87,1463,1577.4974449297915
1094,26.89,1427,1575.4472051017478
1095,26.91,1469,1573.3944820704241
1096,26.93,1511,1571.3393148882392
1097,26.95,1446,1569.2817426271854
1098,26.97,1363,1567.2218043778698
1099,26.99,1377,1565.1595392482272
1100,27.01,1411,1563.0949863627657
1101,27.03,1443,1561.0281848615718
1102,27.05,1434,1558.9591738993854
1103,27.07,1357,1556.8879926444424
1104,27.09,1439,1554.8146802775545
1105,27.11,1385,1552.7392759914246
1106,27.13,1400,1550.661818989378
1107,27.15,1388,1548.5823484843227
1108,27.17,1404,1546.500903697999
1109,27.19,1363,1544.4175238598855
1110,27.21,1459,1542.3322482064045
1111,27.23,1401,1540.2451159795287
1112,27.25,1366,1538.15616642644
1113,27.27,1423,1536.0654387979384
1114,27.29,1407,1533.9729723478777
1115,27.31,1376,1531.8788063319057
1116,27.33,1387,1529.7829800067966
1117,27.35,1421,1527.685532629475
1118,27.37,1474,1525.586503455599
1119,27.39,1356,1523.485931739012
1120,27.41,1441,1521.3838567309645
1121,27.43,1427,1519.2803176783113
1122,27.45,1364,1517.1753538234839
1123,27.47,1427,1515.0690044031544
1124,27.49,1373,1512.9613086468394
1125,27.51,1387,1510.8523057768543
1126,27.53,1379,1508.742035006574
1127,27.55,1351,1506.630535539724
1128,27.57,1383,1504.5178465694753
1129,27.59,1349,1502.4040072774396
1130,27.61,1358,1500.2890568328776
1131,27.63,1433,1498.1730343911258
1132,27.65,1403,1496.0559790935445
1133,27.67,1423,1493.9379300659734
1134,27.69,1343,1491.8189264176995
1135,27.71,1339,1489.6990072408657
1136,27.73,1344,1487.5782116094274
1137,27.75,1354,1485.4565785779487
1138,27.77,1341,1483.3341471809094
1139,27.79,1376,1481.2109564315015
1140,27.81,1335,1479.0870453212488
1141,27.83,1408,1476.9624528181666
1142,27.85,1338,1474.8372178666873
1143,27.87,1322,1472.711379385828
1144,27.89,1339,1470.5849762691814
1145,27.91,1373,1468.4580473832993
1146,27.93,1303,1466.330631567122
1147,27.95,1359,1464.2027676304697
1148,27.97,1298,1462.0744943540012
1149,27.99,1405,1459.9458504874256
1150,28.01,1345,1457.816874748903
1151,28.03,1335,1455.687605824417
1152,28.05,1340,1453.558082365952
1153,28.07,1292,1451.4283429917123
1154,28.09,1363,1449.298426284015
1155,28.11,1322,1447.168370789579
1156,28.13,1355,1445.0382150170794
1157,28.15,1323,1442.907997437846
1158,28.17,1329,1440.7777564837997
1159,28.19,1357,1438.6475305468075
1160,28.21,1382,1436.5173579778111
1161,28.23,1347,1434.387277085999
1162,28.25,1328,1432.2573261377215
1163,28.27,1299,1430.1275433553683
1164,28.29,1342,1427.9979669172772
1165,28.31,1342,1425.8686349555537
1166,28.33,1294,1423.7395855560708
1167,28.35,1271,1421.6108567572655
1168,28.37,1347,1419.4824865492155
1169,28.39,1319,1417.354512872591
1170,28.41,1384,1415.2269736180529
1171,28.43,1278,1413.099906625167
1172,28.45,1319,1410.9733496811623
1173,28.47,1300,1408.847340520484
1174,28.49,1298,1406.7219168238807
1175,28.51,1372,1404.5971162169512
1176,28.53,1365,1402.4729762698962
1177,28.55,1377,1400.3495344961611
1178,28.57,1325,1398.2268283516855
1179,28.59,1354,1396.1048952341007
1180,28.61,1323,1393.9837724813578
1181,28.63,1339,1391.863497371533
1182,28.65,1342,1389.7441071213607
1183,28.67,1281,1387.6256388857205
1184,28.69,1313,1385.5081297559882
1185,28.71,1285,1383.3916167604762
1186,28.73,1307,1381.2761368620395
1187,28.75,1314,1379.161726958364
1188,28.77,1317,1377.048423880061
1189,28.79,1297,1374.9362643909349
1190,28.81,1285,1372.8252851859884
1191,28.83,1250,1370.7155228912493
1192,28.85,1341,1368.607014062406
1193,28.87,1300,1366.4997951841774
1194,28.89,1307,1364.3939026695302
1195,28.91,1314,1362.289372858514
1196,28.93,1284,1360.1862420175098
1197,28.95,1222,1358.0845463385108
1198,28.97,1251,1355.984321937974
1199,28.99,1263,1353.8856048558923
1200,29.01,1214,1351.7884310553845
1201,29.03,1360,1349.692836421198
1202,29.05,1342,1347.5988567594009
1203,29.07,1310,1345.5065277961253
1204,29.09,1203,1343.4158851768561
1205,29.11,1287,1341.3269644654156
1206,29.13,1285,1339.2398011433306
1207,29.15,1254,1337.1544306091337
1208,29.17,1279,1335.0708881765272
1209,29.19,1315,1332.989209074873
1210,29.21,1264,1330.909428447259
1211,29.23,1266,1328.831581350315
1212,29.25,1232,1326.755702752822
1213,29.27,1288,1324.681827535555
1214,29.29,1199,1322.6099904894513
1215,29.31,1219,1320.5402263157303
1216,29.33,1256,1318.4725696245787
1217,29.35,1219,1316.4070549341468
1218,29.37,1262,1314.3437166700505
1219,29.39,1301,1312.2825891646335
1220,29.41,1248,1310.2237066552493
1221,29.43,1295,1308.167103284834
1222,29.45,1258,1306.1128130996458
1223,29.47,1295,1304.0608700492771
1224,29.49,1269,1302.011307985972
1225,29.51,1251,1299.9641606629739
1226,29.53,1259,1297.9194617342596
1227,29.55,1271,1295.8772447537285
1228,29.57,1285,1293.837543174478
1229,29.59,1231,1291.8003903473032
1230,29.61,1226,1289.7658195205645
1231,29.63,1224,1287.7338638392412
1232,29.65,1243,1285.7045563440138
1233,29.67,1216,1283.6779299702366
1234,29.69,1232,1281.6540175475566
1235,29.71,1271,1279.6328517990887
1236,29.73,1282,1277.6144653396532
1237,29.75,1230,1275.5988906767475
1238,29.77,1194,1273.5861602078298
1239,29.79,1297,1271.5763062210926
1240,29.81,1283,1269.5693608935549
1241,29.83,1318,1267.5653562909392
1242,29.85,1224,1265.5643243665677
1243,29.87,1208,1263.566296960545
1244,29.89,1190,1261.5713057990051
1245,29.91,1180,1259.5793824936777
1246,29.93,1247,1257.5905585406435
1247,29.95,1304,1255.604865319593
1248,29.97,1208,1253.6223340933452
1249,29.99,1217,1251.6429960066616
1250,30.01,1244,1249.666882086095
1251,30.03,1265,1247.6940232383267
1252,30.05,1203,1245.724450250299
1253,30.07,1280,1243.7581937878117
1254,30.09,1239,1241.7952843950752
1255,30.11,1276,1239.835752493666
1256,30.13,1279,1237.8796283822935
1257,30.15,1244,1235.9269422354241
1258,30.17,1190,1233.9777241026677
1259,30.19,1239,1232.0320039087733
1260,30.21,1263,1230.0898114515471
1261,30.23,1233,1228.1511764021147
1262,30.25,1272,1226.216128304034
1263,30.27,1229,1224.2846965722101
1264,30.29,1214,1222.3569104920207
1265,30.31,1159,1220.4327992195567
1266,30.33,1169,1218.5123917799233
1267,30.35,1256,1216.5957170665179
1268,30.37,1188,1214.6828038411404
1269,30.39,1303,1212.7736807321776
1270,30.41,1223,1210.8683762347664
1271,30.43,1212,1208.9669187094623
1272,30.45,1264,1207.069336382171
1273,30.47,1195,1205.175657342451
1274,30.49,1293,1203.2859095438703
1275,30.51,1165,1201.4001208025038
1276,30.53,1140,1199.5183187966886
1277,30.55,1181,1197.640531066288
1278,30.57,1202,1195.7667850114499
1279,30.59,1208,1193.8971078924314
1280,30.61,1192,1192.031526829241
1281,30.63,1129,1190.170068799849
1282,30.65,1255,1188.3127606404682
1283,30.67,1228,1186.4596290443037
1284,30.69,1201,1184.610700561313
1285,30.71,1212,1182.7660015971946
1286,30.73,1152,1180.9255584129423
1287,30.75,1210,1179.08939712357
1288,30.77,1186,1177.257543698508
1289,30.79,1162,1175.430023959656
1290,30.81,1188,1173.606863582083
1291,30.83,1195,1171.788088092117
1292,30.85,1161,1169.973722867374
1293,30.87,1178,1168.1637931360133
1294,30.89,1203,1166.3583239758805
1295,30.91,1196,1164.5573403140393
1296,30.93,1193,1162.7608669261135
1297,30.95,1204,1160.9689284355513
1298,30.97,1145,1159.181549312918
1299,30.99,1193,1157.3987538753581
1300,31.01,1141,1155.6205662859456
1301,31.03,1122,1153.84701055316
1302,31.05,1127,1152.078110529962
1303,31.07,1145,1150.3138899136302
1304,31.09,1151,1148.554372244414
1305,31.11,1148,1146.7995809056983
1306,31.13,1145,1145.0495391227723
1307,31.15,1219,1143.3042699623984
1308,31.17,1132,1141.5637963326594
1309,31.19,1132,1139.8281409818505
1310,31.21,1140,1138.097326497551
1311,31.23,1154,1136.3713753066008
1312,31.25,1080,1134.650309674687
1313,31.27,1146,1132.934151704902
1314,31.29,1155,1131.2229233380385
1315,31.31,1160,1129.5166463512905
1316,31.33,1149,1127.8153423582448
1317,31.35,1123,1126.119032807649
1318,31.37,1171,1124.427738983496
1319,31.39,1172,1122.7414820041795
1320,31.41,1145,1121.0602828216429
1321,31.43,1194,1119.3841622210457
1322,31.45,1122,1117.713140820697
1323,31.47,1184,1116.047239070248
1324,31.49,1092,1114.3864772515308
1325,31.51,1163,1112.7308754768087
1326,31.53,1152,1111.0804536891783
1327,31.55,1119,1109.4352316612985
1328,31.57,1102,1107.7952289956365
1329,31.59,1120,1106.1604651222701
1330,31.61,1130,1104.5309593011743
1331,31.63,1151,1102.9067306185293
1332,31.65,1099,1101.2877979883979
1333,31.67,1150,1099.6741801514422
1334,31.69,1157,1098.0658956741167
1335,31.71,1114,1096.4629629487545
1336,31.73,1102,1094.8654001923646
1337,31.75,1157,1093.2732254470166
1338,31.77,1142,1091.6864565783258
1339,31.79,1109,1090.1051112758537
1340,31.81,1104,1088.5292070516189
1341,31.83,1083,1086.958761240508
1342,31.85,1077,1085.393790999282
1343,31.87,1156,1083.8343133066
1344,31.89,1099,1082.280344961272
1345,31.91,1130,1080.731902583619
1346,31.93,1091,1079.1890026133074
1347,31.95,1069,1077.651661309988
1348,31.97,1141,1076.1198947520043
1349,31.99,1088,1074.593718836668
1350,32.01,1077,1073.0731492794075
1351,32.03,1086,1071.5582016132362
1352,32.05,1110,1070.0488911883203
1353,32.07,1079,1068.5452331714714
1354,32.09,1062,1067.047242546259
1355,32.11,1114,1065.5549341117307
1356,32.13,1106,1064.0683224827385
1357,32.15,1051,1062.5874220884275
1358,32.17,1113,1061.1122471732065
1359,32.19,1044,1059.642811794889
1360,32.21,1140,1058.1791298257667
1361,32.23,1111,1056.7212149508423
1362,32.25,1103,1055.269080667853
1363,32.27,1062,1053.822740287183
1364,32.29,1063,1052.3822069312632
1365,32.31,1088,1050.9474935339713
1366,32.33,1074,1049.5186128402856
1367,32.35,1078,1048.0955774058984
1368,32.37,1031,1046.6783995972637
1369,32.39,1087,1045.267091590295
1370,32.41,1070,1043.8616653710556
1371,32.43,1123,1042.462132734092
1372,32.45,1057,1041.0685052834378
1373,32.47,1132,1039.6807944310267
1374,32.49,1086,1038.2990113975602
1375,32.51,1034,1036.9231672105016
1376,32.53,1109,1035.5532727052992
1377,32.55,1070,1034.1893385242643
1378,32.57,1028,1032.8313751159717
1379,32.59,1050,1031.4793927356986
1380,32.61,1090,1030.1334014442223
1381,32.63,1097,1028.7934111081818
1382,32.65,1072,1027.459431399598
1383,32.67,1072,1026.1314717944838
1384,32.69,1079,1024.809541574456
1385,32.71,1122,1023.493649824663
1386,32.73,1027,1022.183805434589
1387,32.75,1079,1020.8800170968916
1388,32.77,1088,1019.5822933076738
1389,32.79,1101,1018.2906423661593
1390,32.81,1035,1017.0050723738527
1391,32.83,1054,1015.7255912348282
1392,32.85,1031,1014.4522066549789
1393,32.87,1044,1013.1849261420994
1394,32.89,1058,1011.9237570057594
1395,32.91,1074,1010.668706356229
1396,32.93,1052,1009.4197811044842
1397,32.95,1104,1008.1769879627955
1398,32.97,1057,1006.9403334431572
1399,32.99,1083,1005.7098238582626
1400,33.01,1040,1004.485465319899
1401,33.03,1061,1003.2672637397732
1402,33.05,1106,1002.055224829116
1403,33.07,1044,1000.8493540976342
1404,33.09,1079,999.6496568542016
1405,33.11,1013,998.4561382061429
1406,33.13,1057,997.2688030594504
1407,33.15,1058,996.0876561178479
1408,33.17,1084,994.9127018828776
1409,33.19,1027,993.7439446537537
1410,33.21,1037,992.5813885274333
1411,33.23,1069,991.4250373977902
1412,33.25,1004,990.2748949557244
1413,33.27,1010,989.1309646888403
1414,33.29,1042,987.9932498818671
1415,33.31,1073,986.8617536151924
1416,33.33,1006,985.7364787659667
1417,33.35,1000,984.6174280073983
1418,33.37,1043,983.5046038079777
1419,33.39,1066,982.3980084324157
1420,33.41,1013,981.297643940824
1421,33.43,1007,980.2035121885528
1422,33.45,1020,979.1156148262266
1423,33.47,1065,978.0339532991675
1424,33.49,1011,976.9585288480489
1425,33.51,1024,975.8893425080005
1426,33.53,1097,974.8263951085969
1427,33.55,1041,973.7696872745955
1428,33.57,1039,972.7192194239883
1429,33.59,1037,971.6749917694196
1430,33.61,1047,970.6370043181114
1431,33.63,1048,969.6052568701348
1432,33.65,1066,968.5797490205473
1433,33.67,1074,967.5604801574291
1434,33.69,999,966.5474494623741
1435,33.71,980,965.5406559112971
1436,33.73,1023,964.5400982725805
1437,33.75,1082,963.54577510838
1438,33.77,1081,962.5576847742927
1439,33.79,1050,961.5758254188468
1440,33.81,1004,960.6001949833121
1441,33.83,1022,959.6307912031375
1442,33.85,1012,958.6676116054955
1443,33.87,1042,957.7106535110784
1444,33.89,981,956.7599140333768
1445,33.91,1004,955.8153900789375
1446,33.93,1041,954.8770783461141
1447,33.95,1049,953.9449753273984
1448,33.97,1052,953.0190773066843
1449,33.99,1048,952.0993803615597
1450,34.01,1096,951.1858803615146
1451,34.03,1045,950.2785729691213
1452,34.05,1005,949.3774536393712
1453,34.07,1065,948.4825176200393
1454,34.09,1070,947.5937599512963
1455,34.11,1034,946.7111754659313
1456,34.13,1075,945.834758789706
1457,34.15,1043,944.964504340523
1458,34.17,1005,944.1004063291771
1459,34.19,1007,943.2424587593619
1460,34.21,1015,942.3906554270752
1461,34.23,998,941.5449899216305
1462,34.25,1063,940.7054556241746
1463,34.27,991,939.8720457095715
1464,34.29,1008,939.0447531454793
1465,34.31,1034,938.223570691955
1466,34.33,991,937.4084909028961
1467,34.35,1023,936.5995061241433
1468,34.37,1065,935.7966084957397
1469,34.39,1082,934.9997899504774
1470,34.41,1076,934.2090422146302
1471,34.43,1068,933.4243568071411
1472,34.45,1071,932.6457250414092
1473,34.47,1049,931.8731380245017
1474,34.49,1037,931.1065866563026
1475,34.51,1043,930.3460616309098
1476,34.53,1037,929.5915534363944
1477,34.55,1002,928.8430523550996
1478,34.57,1007,928.1005484629668
1479,34.59,1031,927.364031630826
1480,34.61,1072,926.6334915236466
1481,34.63,1044,925.9089176007924
1482,34.65,1106,925.1902991171773
1483,34.67,1049,924.477625121654
1484,34.69,1041,923.7708844585836
1485,34.71,1012,923.070065767467
1486,34.73,1065,922.3751574831613
1487,34.75,1021,921.6861478364785
1488,34.77,1063,921.0030248535568
1489,34.79,1112,920.3257763563433
1490,34.81,1048,919.6543899636677
1491,34.83,1040,918.9888530896333
1492,34.85,1081,918.3291529461344
1493,34.87,994,917.6752765406713
1494,34.89,1054,917.0272106786806
1495,34.91,1005,916.3849419619755
1496,34.93,1025,915.748456790227
1497,34.95,1009,915.1177413612113
1498,34.97,1060,914.4927816694758
1499,34.99,1058,913.8735635091416
1500,35.01,1032,913.2600724714557
1501,35.03,1000,912.6522939471079
1502,35.05,942,912.0502131251887
1503,35.07,1045,911.4538149947539
1504,35.09,995,910.8630843438259
1505,35.11,1007,910.2780057602163
1506,35.13,988,909.698563631624
1507,35.15,1031,909.1247421468183
1508,35.17,1000,908.5565252943697
1509,35.19,1011,907.9938968641941
1510,35.21,998,907.4368404476322
1511,35.23,976,906.8853394372477
1512,35.25,977,906.3393770277967
1513,35.27,1021,905.798936216217
1514,35.29,986,905.2639998023355
1515,35.31,999,904.7345503878546
1516,35.33,1014,904.2105703790453
1517,35.35,963,903.6920419847015
1518,35.37,993,903.1789472187124
1519,35.39,980,902.6712678985582
1520,35.41,957,902.1689856463668
1521,35.43,975,901.67208189027
1522,35.45,985,901.1805378623635
1523,35.47,1004,900.6943346021972
1524,35.49,973,900.2134529545156
1525,35.51,961,899.737873571632
1526,35.53,1077,899.2675769123512
1527,35.55,1008,898.8025432428553
1528,35.57,991,898.3427526378623
1529,35.59,943,897.8881849802324
1530,35.61,957,897.4388199611017
1531,35.63,993,896.9946370816083
1532,35.65,1012,896.5556156520092
1533,35.67,949,896.1217347933443
1534,35.69,937,895.6929734365631
1535,35.71,952,895.2693103240185
1536,35.73,1000,894.8507240096969
1537,35.75,930,894.4371928592359
1538,35.77,967,894.0286950514342
1539,35.79,943,893.6252085777164
1540,35.81,1003,893.2267112425402
1541,35.83,941,892.8331806650767
1542,35.85,995,892.4445942790394
1543,35.87,1020,892.0609293324128
1544,35.89,946,891.6821628895545
1545,35.91,958,891.3082718304577
1546,35.93,946,890.9392328521103
1547,35.95,927,890.5750224683434
1548,35.97,985,890.2156170105536
1549,35.99,990,889.8609926291674
1550,36.01,938,889.5111252927363
1551,36.03,960,889.1659907892581
1552,36.05,977,888.8255647272795
1553,36.07,925,888.489822535345
1554,36.09,923,888.1587394635962
1555,36.11,970,887.8322905834989
1556,36.13,925,887.5104507893243
1557,36.15,915,887.1931947980206
1558,36.17,945,886.8804971504051
1559,36.19,943,886.5723322110853
1560,36.21,911,886.2686741699194
1561,36.23,922,885.9694970419214
1562,36.25,961,885.6747746688452
1563,36.27,921,885.3844807183173
1564,36.29,982,885.0985886861517
1565,36.31,940,884.8170718956985
1566,36.33,928,884.5399034991124
1567,36.35,990,884.2670564788004
1568,36.37,899,883.9985036463472
1569,36.39,1014,883.7342176449106
1570,36.41,899,883.4741709484597
1571,36.43,1018,883.2183358635848
1572,36.45,898,882.9666845296124
1573,36.47,866,882.7191889196497
1574,36.49,931,882.4758208411431
1575,36.51,938,882.2365519368427
1576,36.53,958,882.0013536851061
1577,36.55,945,881.7701974008728
1578,36.57,932,881.5430542362819
1579,36.59,986,881.319895182161
1580,36.61,882,881.1006910673323
1581,36.63,881,880.8854125614275
1582,36.65,862,880.6740301732757
1583,36.67,898,880.4665142541457
1584,36.69,894,880.2628349960291
1585,36.71,912,880.0629624344779
1586,36.73,946,879.8668664484708
1587,36.75,908,879.6745167615436
1588,36.77,922,879.4858829424347
1589,36.79,881,879.3009344060465
1590,36.81,913,879.1196404141178
1591,36.83,953,878.9419700759231
1592,36.85,949,878.7678923498643
1593,36.87,972,878.5973760432612
1594,36.89,919,878.4303898138887
1595,36.91,911,878.2669021716661
1596,36.93,924,878.1068814769637
1597,36.95,916,877.9502959443962
1598,36.97,901,877.7971136423866
1599,36.99,939,877.6473024932043
1600,37.01,871,877.5008302756964
1601,37.03,873,877.3576646253355
1602,37.05,875,877.2177730344024
1603,37.07,886,877.0811228541043
1604,37.09,955,876.9476812952075
1605,37.11,860,876.8174154280696
1606,37.13,885,876.6902921862734
1607,37.15,901,876.566278362629
1608,37.17,837,876.4453406155931
1609,37.19,893,876.3274454670418
1610,37.21,910,876.2125593037767
1611,37.23,906,876.1006483791098
1612,37.25,904,875.9916788137625
1613,37.27,903,875.8856165956122
1614,37.29,900,875.7824275830121
1615,37.31,908,875.6820775035967
1616,37.33,891,875.5845319562891
1617,37.35,919,875.4897564129942
1618,37.37,917,875.3977162182582
1619,37.39,844,875.3083765912443
1620,37.41,930,875.2217026261246
1621,37.43,921,875.1376592943088
1622,37.45,894,875.0562114440522
1623,37.47,892,874.9773238022012
1624,37.49,849,874.9009609759751
1625,37.51,878,874.8270874535565
1626,37.53,897,874.7556676029676
1627,37.55,908,874.6866656782663
1628,37.57,904,874.6200458156768
1629,37.59,856,874.5557720368461
1630,37.61,875,874.4938082509584
1631,37.63,851,874.4341182531821
1632,37.65,844,874.3766657283436
1633,37.67,895,874.3214142506599
1634,37.69,945,874.2683272861927
1635,37.71,885,874.2173681920676
1636,37.73,852,874.1685002193058
1637,37.75,861,874.1216865135484
1638,37.77,858,874.0768901159731
1639,37.79,852,874.0340739650092
1640,37.81,867,873.9932008962319
1641,37.83,874,873.9542336460631
1642,37.85,844,873.9171348504588
1643,37.87,867,873.881867047854
1644,37.89,849,873.8483926792414
1645,37.91,903,873.8166740900369
1646,37.93,881,873.7866735316443
1647,37.95,854,873.758353161455
1648,37.97,876,873.7316750457853
1649,37.99,920,873.7066011603642
1650,38.01,926,873.6830933905253
1651,38.03,866,873.6611135352609
1652,38.05,858,873.6406233053422
1653,38.07,959,873.6215843269406
1654,38.09,869,873.6039581418086
1655,38.11,928,873.5877062089594
1656,38.13,874,873.5727899071112
1657,38.15,906,873.5591705323554
1658,38.17,947,873.5468093051936
1659,38.19,854,873.5356673658598
1660,38.21,908,873.5257057803938
1661,38.23,927,873.5168855406523
1662,38.25,878,873.5091675630192
1663,38.27,895,873.5025126946989
1664,38.29,936,873.4968817102881
1665,38.31,902,873.4922353163684
1666,38.33,889,873.488534152686
1667,38.35,865,873.4857387910497
1668,38.37,863,873.4838097395645
1669,38.39,904,873.4827074434279
1670,38.41,926,873.4823922847154
1671,38.43,912,873.4828245865342
1672,38.45,905,873.4839646122327
1673,38.47,863,873.4857725679117
1674,38.49,839,873.4882086038929
1675,38.51,918,873.491232814828
1676,38.53,809,873.4948052451723
1677,38.55,880,873.4988858846805
1678,38.57,865,873.5034346756311
1679,38.59,920,873.5084115100508
1680,38.61,817,873.5137762344448
1681,38.63,860,873.5194886497197
1682,38.65,884,873.5255085124008
1683,38.67,860,873.5317955373935
1684,38.69,856,873.5383093982387
1685,38.71,808,873.5450097301168
1686,38.73,834,873.5518561304557
1687,38.75,808,873.5588081609253
1688,38.77,886,873.5658253486181
1689,38.79,883,873.5728671881584
1690,38.81,850,873.5798931426607
1691,38.83,858,873.5868626465603
1692,38.85,821,873.5937351050011
1693,38.87,829,873.6004698990346
1694,38.89,870,873.6070263837441
1695,38.91,844,873.6133638920473
1696,38.93,885,873.6194417347997
1697,38.95,897,873.6252192044099
1698,38.97,844,873.6306555747947
1699,38.99,888,873.6357101035269
1700,39.01,856,873.6403420344996
1701,39.03,815,873.6445105987013
1702,39.05,851,873.6481750158227
1703,39.07,794,873.6512944964311
1704,39.09,834,873.6538282434972
1705,39.11,806,873.6557354545216
1706,39.13,832,873.6569753224094
1707,39.15,846,873.657507038231
1708,39.17,831,873.6572897929359
1709,39.19,832,873.6562827778334
1710,39.21,807,873.6544451880573
1711,39.23,828,873.6517362235018
1712,39.25,857,873.6481150907334
1713,39.27,818,873.6435410048207
1714,39.29,801,873.6379731909178
1715,39.31,852,873.6313708868793
1716,39.33,855,873.6236933442301
1717,39.35,808,873.6148998303888
1718,39.37,824,873.6049496307155
1719,39.39,853,873.5938020498202
1720,39.41,826,873.5814164146082
1721,39.43,828,873.5677520736208
1722,39.45,853,873.5527684033946
1723,39.47,794,873.536424805196
1724,39.49,855,873.5186807107102
1725,39.51,831,873.4994955818106
1726,39.53,847,873.4788289145922
1727,39.55,816,873.456640238524
1728,39.57,811,873.4328891205555
1729,39.59,852,873.4075351668548
1730,39.61,848,873.3805380249032
1731,39.63,794,873.3518573829178
1732,39.65,819,873.3214529753168
1733,39.67,794,873.2892845836686
1734,39.69,893,873.2553120369671
1735,39.71,773,873.2194952155351
1736,39.73,831,873.1817940534656
1737,39.75,800,873.1421685385244
1738,39.77,855,873.1005787153135
1739,39.79,856,873.0569846881199
1740,39.81,834,873.0113466217458
1741,39.83,840,872.9636247439494
1742,39.85,815,872.9137793479399
1743,39.87,828,872.8617707941198
1744,39.89,849,872.8075595115679
1745,39.91,844,872.7511060026404
1746,39.93,854,872.6923708399509
1747,39.95,805,872.6313146756943
1748,39.97,870,872.5678982367058
1749,39.99,779,872.5020823312097
1750,40.01,828,872.4338278503478
1751,40.03,826,872.363095767771
1752,40.05,835,872.2898471437693
1753,40.07,837,872.2140431288453
1754,40.09,838,872.1356449627201
1755,40.11,817,872.0546139794815
1756,40.13,822,871.9709116066292
1757,40.15,833,871.8844993709104
1758,40.17,797,871.7953388980045
1759,40.19,784,871.7033919148644
1760,40.21,809,871.6086202542265
1761,40.23,803,871.5109858537139
1762,40.25,850,871.4104507599072
1763,40.27,820,871.3069771312316
1764,40.29,854,871.2005272385209
1765,40.31,790,871.0910634684024
1766,40.33,837,870.9785483259334
1767,40.35,787,870.8629444350868
1768,40.37,834,870.7442145434838
1769,40.39,856,870.6223215227642
1770,40.41,866,870.4972283724601
1771,40.43,881,870.3688982210724
1772,40.45,822,870.2372943290466
1773,40.47,802,870.1023800911194
1774,40.49,852,869.9641190400012
1775,40.51,801,869.8224748442462
1776,40.53,777,869.6774113174802
1777,40.55,816,869.5288924144338
1778,40.57,831,869.3768822377656
1779,40.59,839,869.2213450384465
1780,40.61,812,869.0622452179973
1781,40.63,799,868.8995473320902
1782,40.65,770,868.7332160914202
1783,40.67,818,868.5632163675323
1784,40.69,829,868.3895131906538
1785,40.71,849,868.212071755499
1786,40.73,836,868.0308574226387
1787,40.75,832,867.8458357215131
1788,40.77,847,867.6569723519087
1789,40.79,825,867.4642331870868
1790,40.81,805,867.26758427697
1791,40.83,816,867.0669918501276
1792,40.85,796,866.8624223160255
1793,40.87,799,866.653842267976
1794,40.89,821,866.4412184859812
1795,40.91,816,866.224517937851
1796,40.93,835,866.003707784726
1797,40.95,828,865.778755379501
1798,40.97,845,865.5496282749987
1799,40.99,794,865.3162942199174
1800,41.01,807,865.078721168044
1801,41.03,798,864.8368772750173
1802,41.05,830,864.5907309064291
1803,41.07,769,864.3402506366983
1804,41.09,802,864.0854052520845
1805,41.11,814,863.8261637560436
1806,41.13,820,863.5624953681722
1807,41.15,837,863.2943695308563
1808,41.17,829,863.0217559080743
1809,41.19,777,862.7446243910149
1810,41.21,797,862.4629451005594
1811,41.23,831,862.176688387759
1812,41.25,838,861.8858248382671
1813,41.27,781,861.5903252763187
1814,41.29,869,861.2901607659956
1815,41.31,759,860.985302612602
1816,41.33,840,860.6757223680793
1817,41.35,792,860.3613918332103
1818,41.37,781,860.0422830598218
1819,41.39,832,859.7183683523704
1820,41.41,789,859.3896202755104
1821,41.43,744,859.0560116502024
1822,41.45,735,858.7175155622831
1823,41.47,818,858.374105361805
1824,41.49,833,858.0257546684015
1825,41.51,785,857.6724373710026
1826,41.53,847,857.314127636293
1827,41.55,798,856.9507999035509
1828,41.57,788,856.5824288959316
1829,41.59,800,856.20898961796
1830,41.61,818,855.8304573593477
1831,41.63,790,855.4468077010233
1832,41.65,805,855.0580165125994
1833,41.67,802,854.6640599610823
1834,41.69,785,854.2649145100731
1835,41.71,770,853.8605569242163
1836,41.73,792,853.4509642731095
1837,41.75,752,853.0361139311349
1838,41.77,780,852.6159835837466
1839,41.79,810,852.1905512291223
1840,41.81,757,851.7597951814878
1841,41.83,820,851.3236940740371
1842,41.85,799,850.8822268622284
1843,41.87,787,850.4353728267256
1844,41.89,793,849.9831115750158
1845,41.91,807,849.5254230491068
1846,41.93,846,849.0622875219883
1847,41.95,784,848.5936856069452
1848,41.97,801,848.1195982560312
1849,41.99,806,847.6400067681102
1850,42.01,773,847.154892784748
1851,42.03,770,846.6642383014787
1852,42.05,793,846.168025666776
1853,42.07,826,845.6662375825081
1854,42.09,758,845.1588571146744
1855,42.11,762,844.6458676897673
1856,42.13,745,844.1272531009472
1857,42.15,775,843.6029975120341
1858,42.17,793,843.0730854571498
1859,42.19,785,842.5375018485643
1860,42.21,760,841.9962319772644
1861,42.23,780,841.4492615161366
1862,42.25,801,840.8965765235221
1863,42.27,756,840.3381634492198
1864,42.29,755,839.7740091327992
1865,42.31,782,839.2041008108663
1866,42.33,776,838.6284261190826
1867,42.35,760,838.0469730953237
1868,42.37,753,837.459730182838
1869,42.39,791,836.8666862349064
1870,42.41,787,836.2678305157274
1871,42.43,775,835.6631527080667
1872,42.45,736,835.0526429107281
1873,42.47,764,834.4362916487521
1874,42.49,765,833.8140898698025
1875,42.51,748,833.1860289533925
1876,42.53,790,832.5521007113252
1877,42.55,772,831.912297391666
1878,42.57,766,831.2666116830046
1879,42.59,797,830.6150367175715
1880,42.61,734,829.9575660724959
1881,42.63,755,829.2941937773562
1882,42.65,783,828.6249143151658
1883,42.67,723,827.9497226252479
1884,42.69,735,827.2686141099771
1885,42.71,781,826.5815846343116
1886,42.73,760,825.8886305319434
1887,42.75,817,825.1897486073763
1888,42.77,785,824.4849361418023
1889,42.79,730,823.7741908946368
1890,42.81,768,823.0575111063276
1891,42.83,767,822.3348955063348
1892,42.85,753,821.6063433095469
1893,42.87,778,820.8718542284537
1894,42.89,745,820.1314284685327
1895,42.91,764,819.3850667383799
1896,42.93,755,818.6327702492745
1897,42.95,771,817.8745407218421
1898,42.97,840,817.1103803869014
1899,42.99,760,816.34029199219
1900,43.01,777,815.5642788026162
1901,43.03,720,814.7823446059479
1902,43.05,799,813.9944937177142
1903,43.07,750,813.2007309834012
1904,43.09,765,812.4010617800509
1905,43.11,780,811.595492027132
1906,43.13,732,810.7840281798603
1907,43.15,753,809.9666772434994
1908,43.17,814,809.1434467703752
1909,43.19,768,808.3143448657102
1910,43.21,821,807.4793801913684
1911,43.23,788,806.6385619712355
1912,43.25,765,805.7918999915482
1913,43.27,743,804.9394046068192
1914,43.29,744,804.0810867475311
1915,43.31,739,803.2169579162428
1916,43.33,705,802.3470301947214
1917,43.35,770,801.4713162525791
1918,43.37,763,800.5898293452792
1919,43.39,700,799.7025833188918
1920,43.41,734,798.8095926163933
1921,43.43,706,797.9108722803708
1922,43.45,799,797.0064379565042
1923,43.47,781,796.0963058983402
1924,43.49,781,795.180492971042
1925,43.51,790,794.2590166554064
1926,43.53,757,793.3318950510929
1927,43.55,736,792.3991468824279
1928,43.57,713,791.4607914994613
1929,43.59,762,790.5168488876184
1930,43.61,772,789.5673396639845
1931,43.63,721,788.612285087348
1932,43.65,771,787.6517070610485
1933,43.67,729,786.6856281362402
1934,43.69,779,785.7140715130754
1935,43.71,752,784.7370610533649
1936,43.73,752,783.7546212746852
1937,43.75,738,782.7667773620897
1938,43.77,768,781.7735551678238
1939,43.79,714,780.7749812161737
1940,43.81,748,779.7710827107908
1941,43.83,811,778.7618875346961
1942,43.85,723,777.7474242576759
1943,43.87,737,776.7277221378249
1944,43.89,766,775.7028111284285
1945,43.91,760,774.67272187871
1946,43.93,755,773.6374857433075
1947,43.95,795,772.5971347817276
1948,43.97,719,771.5517017636421
1949,43.99,775,770.501220175689
1950,44.01,694,769.4457242243498
1951,44.03,718,768.3852488362713
1952,44.05,743,767.3198296704722
1953,44.07,745,766.2495031160415
1954,44.09,722,765.1743063002987
1955,44.11,734,764.0942770910442
1956,44.13,724,763.0094541015715
1957,44.15,695,761.9198766955651
1958,44.17,773,760.8255849896364
1959,44.19,750,759.726619861236
1960,44.21,746,758.6230229497805
1961,44.23,731,757.5148366633066
1962,44.25,704,756.4021041812925
1963,44.27,719,755.2848694581667
1964,44.29,734,754.1631772340525
1965,44.31,696,753.0370730278828
1966,44.33,720,751.9066031545394
1967,44.35,723,750.7718147204287
1968,44.37,712,749.6327556316205
1969,44.39,689,748.4894745983679
1970,44.41,750,747.3420211377525
1971,44.43,725,746.1904455806794
1972,44.45,728,745.0347990741025
1973,44.47,738,743.8751335887814
1974,44.49,753,742.7115019198864
1975,44.51,784,741.543957694917
1976,44.53,664,740.372555376613
1977,44.55,741,739.1973502673677
1978,44.57,773,738.0183985163849
1979,44.59,725,736.8357571193164
1980,44.61,696,735.6494839299789
1981,44.63,713,734.4596376587524
1982,44.65,751,733.2662778791337
1983,44.67,733,732.0694650361716
1984,44.69,716,730.8692604439284
1985,44.71,744,729.6657262963167
1986,44.73,752,728.458925670433
1987,44.75,716,727.2489225293575
1988,44.77,779,726.0357817294362
1989,44.79,701,724.8195690245907
1990,44.81,717,723.6003510678547
1991,44.83,720,722.3781954205151
1992,44.85,757,721.1531705547432
1993,44.87,823,719.9253458591188
1994,44.89,695,718.6947916436325
1995,44.91,765,717.4615791430506
1996,44.93,697,716.2257805238355
1997,44.95,725,714.9874688887462
1998,44.97,701,713.7467182789073
1999,44.99,731,712.5036036835313
2000,45.01,718,711.2582010390379
2001,45.03,725,710.0105872398913
2002,45.05,721,708.7608401400503
2003,45.07,729,707.5090385591088
2004,45.09,711,706.2552622863591
2005,45.11,717,704.9995920846586
2006,45.13,669,703.7421097014903
2007,45.15,684,702.4828978648429
2008,45.17,756,701.2220402956168
2009,45.19,661,699.9596217084436
2010,45.21,696,698.6957278220502
2011,45.23,692,697.4304453549912
2012,45.25,728,696.1638620405633
2013,45.27,701,694.896066626336
2014,45.29,705,693.6271488798125
2015,45.31,724,692.3571995951061
2016,45.33,668,691.086310598314
2017,45.35,646,689.8145747491876
2018,45.37,726,688.5420859507949
2019,45.39,722,687.2689391528575
2020,45.41,720,685.9952303544151
2021,45.43,724,684.7210566145691
2022,45.45,687,683.4465160511845
2023,45.47,667,682.1717078510246
2024,45.49,694,680.8967322741523
2025,45.51,675,679.6216906578925
2026,45.53,724,678.3466854207672
2027,45.55,690,677.0718200714327
2028,45.57,716,675.797199212941
2029,45.59,713,674.5229285446248
2030,45.61,717,673.2491148717577
2031,45.63,687,671.9758661101746
2032,45.65,707,670.7032912887657
2033,45.67,699,669.4315005559911
2034,45.69,682,668.1606051885738
2035,45.71,663,666.890717591818
2036,45.73,709,665.6219513098158
2037,45.75,694,664.3544210255441
2038,45.77,688,663.088242572408
2039,45.79,676,661.823532932829
2040,45.81,703,660.5604102512848
2041,45.83,716,659.2989938331725
2042,45.85,672,658.039404154074
2043,45.87,669,656.7817628633311
2044,45.89,676,655.5261927907236
2045,45.91,684,654.2728179524111
2046,45.93,727,653.0217635551157
2047,45.95,740,651.7731560007132
2048,45.97,695,650.5271228965621
2049,45.99,733,649.2837930542282
2050,46.01,669,648.0432965010655
2051,46.03,675,646.805764482548
2052,46.05,683,645.5713294689695
2053,46.07,675,644.3401251609134
2054,46.09,703,643.1122864941226
2055,46.11,688,641.8879496471104
2056,46.13,674,640.6672520440434
2057,46.15,668,639.4503323624685
2058,46.17,721,638.2373305398969
2059,46.19,696,637.028387776782
2060,46.21,651,635.8236465428859
2061,46.23,704,634.6232505848275
2062,46.25,666,633.4273449307188
2063,46.27,680,632.2360758945888
2064,46.29,635,631.0495910848167
2065,46.31,667,629.8680394085054
2066,46.33,671,628.6915710771018
2067,46.35,724,627.5203376124941
2068,46.37,663,626.3544918523548
2069,46.39,674,625.1941879568108
2070,46.41,640,624.0395814137582
2071,46.43,695,622.8908290446452
2072,46.45,650,621.7480890122529
2073,46.47,665,620.6115208234028
2074,46.49,687,619.481285336311
2075,46.51,709,618.3575447673829
2076,46.53,722,617.2404626967591
2077,46.55,705,616.1302040725486
2078,46.57,630,615.0269352184332
2079,46.59,682,613.9308238414997
2080,46.61,676,612.8420390334159
2081,46.63,644,611.7607512814757
2082,46.65,632,610.6871324695658
2083,46.67,690,609.6213558903546
2084,46.69,605,608.5635962438664
2085,46.71,652,607.5140296520594
2086,46.73,650,606.4728336570524
2087,46.75,665,605.4401872320132
2088,46.77,670,604.4162707870955
2089,46.79,670,603.4012661710049
2090,46.81,699,602.3953566834543
2091,46.83,636,601.3987270775951
2092,46.85,664,600.4115635660155
2093,46.87,650,599.4340538293663
2094,46.89,623,598.4663870197774
2095,46.91,660,597.5087537702548
2096,46.93,666,596.5613461950597
2097,46.95,746,595.6243579044494
2098,46.97,649,594.6979840032855
2099,46.99,623,593.7824211008356
2100,47.01,642,592.8778673182551
2101,47.03,690,591.9845222908934
2102,47.05,658,591.1025871791308
2103,47.07,699,590.2322646697676
2104,47.09,647,589.3737589881439
2105,47.11,640,588.5272758990659
2106,47.13,685,587.693022716735
2107,47.15,679,586.8712083087366
2108,47.17,655,586.0620431048637
2109,47.19,646,585.2657391034691
2110,47.21,635,584.4825098718484
2111,47.23,627,583.7125705631797
2112,47.25,661,582.9561379144734
2113,47.27,628,582.213430255114
2114,47.29,615,581.4846675155468
2115,47.31,631,580.7700712335718
2116,47.33,671,580.0698645563944
2117,47.35,644,579.384272251441
2118,47.37,607,578.713520714442
2119,47.39,648,578.0578379702747
2120,47.41,597,577.4174536829114
2121,47.43,725,576.7925991639559
2122,47.45,616,576.1835073742541
2123,47.47,643,575.5904129354049
2124,47.49,635,575.013552131958
2125,47.51,607,574.4531629231715
2126,47.53,626,573.9094849447674
2127,47.55,610,573.3827595174653
2128,47.57,620,572.8732296550443
2129,47.59,704,572.3811400695031
2130,47.61,645,571.9067371783958
2131,47.63,658,571.450269109544
2132,47.65,637,571.0119857115124
2133,47.67,642,570.5921385583433
2134,47.69,644,570.1909809536182
2135,47.71,645,569.8087679438604
2136,47.73,631,569.4457563193355
2137,47.75,613,569.1022046224543
2138,47.77,621,568.7783731561467
2139,47.79,659,568.4745239898593
2140,47.81,631,568.1909209656715
2141,47.83,628,567.9278297055653
2142,47.85,612,567.6855176186737
2143,47.87,627,567.4642539085107
2144,47.89,609,567.2643095788853
2145,47.91,628,567.0859574415572
2146,47.93,652,566.9294721226979
2147,47.95,597,566.7951300710911
2148,47.97,631,566.6832095624231
2149,47.99,611,566.5939907078109
2150,48.01,597,566.5277554636987
2151,48.03,640,566.4847876353206
2152,48.05,622,566.465372881371
2153,48.07,662,566.4697987289064
2154,48.09,618,566.4983545723362
2155,48.11,624,566.5513316846882
2156,48.13,673,566.6290232260089
2157,48.15,580,566.7317242459312
2158,48.17,608,566.8597316948599
2159,48.19,628,567.0133444282128
2160,48.21,618,567.1928632169156
2161,48.23,600,567.3985907509486
2162,48.25,567,567.6308316470295
2163,48.27,649,567.8898924598498
2164,48.29,585,568.1760816859714
2165,48.31,640,568.4897097697822
2166,48.33,606,568.8310891134533
2167,48.35,627,569.2005340829237
2168,48.37,569,569.5983610156354
2169,48.39,621,570.0248882276755
2170,48.41,599,570.4804360206181
2171,48.43,610,570.9653266900141
2172,48.45,574,571.4798845332043
2173,48.47,617,572.0244358515847
2174,48.49,625,572.5993089661615
2175,48.51,605,573.2048342175276
2176,48.53,628,573.8413439777123
2177,48.55,577,574.5091726571927
2178,48.57,586,575.2086567096285
2179,48.59,586,575.940134642784
2180,48.61,555,576.7039470222844
2181,48.63,615,577.500436483102
2182,48.65,631,578.3299477333494
2183,48.67,644,579.1928275649943
2184,48.69,577,580.0894248594959
2185,48.71,586,581.0200905944366
2186,48.73,600,581.9851778542497
2187,48.75,583,582.9850418342503
2188,48.77,571,584.0200398519373
2189,48.79,595,585.0905313497697
2190,48.81,612,586.196877907505
2191,48.83,631,587.3394432482646
2192,48.85,631,588.5185932439299
2193,48.87,587,589.7346959259794
2194,48.89,583,590.9881214913794
2195,48.91,584,592.2792423109604
2196,48.93,584,593.6084329382484
2197,48.95,597,594.976070112365
2198,48.97,622,596.382532772549
2199,48.99,609,597.8282020609904
2200,49.01,631,599.313461333606
2201,49.03,558,600.8386961643118
2202,49.05,607,602.4042943576105
2203,49.07,582,604.0106459515264
2204,49.09,611,605.6581432283128
2205,49.11,578,607.3471807217356
2206,49.13,631,609.0781552266972
2207,49.15,540,610.8514658029426
2208,49.17,583,612.6675137852535
2209,49.19,622,614.5267027935606
2210,49.21,634,616.4294387365135
2211,49.23,578,618.3761298219752
2212,49.25,563,620.3671865668007
2213,49.27,607,622.4030217990421
2214,49.29,589,624.4840506746591
2215,49.31,550,626.6106906746227
2216,49.33,586,628.7833616229341
2217,49.35,549,631.0024856887703
2218,49.37,568,633.2684873966123
2219,49.39,548,635.58179363297
2220,49.41,617,637.9428336580077
2221,49.43,595,640.3520391087604
2222,49.45,564,642.8098440098229
2223,49.47,609,645.3166847824996
2224,49.49,568,647.8730002510702
2225,49.51,595,650.4792316504536
2226,49.53,602,653.1358226366683
2227,49.55,551,655.8432192944747
2228,49.57,614,658.60187014444
2229,49.59,583,661.4122261514549
2230,49.61,587,664.2747407321085
2231,49.63,599,667.1898697676975
2232,49.65,591,670.1580716050148
2233,49.67,568,673.1798070688083
2234,49.69,622,676.2555394743044
2235,49.71,539,679.385734626675
2236,49.73,547,682.5708608346335
2237,49.75,564,685.8113889169422
2238,49.77,562,689.1077922157051
2239,49.79,558,692.460546597013
2240,49.81,631,695.8701304634692
2241,49.83,577,699.3370247652279
2242,49.85,616,702.8617130017064
2243,49.87,585,706.4446812366004
2244,49.89,583,710.0864181024458
2245,49.91,569,713.7874148109481
2246,49.93,549,717.5481651593323
2247,49.95,616,721.3691655418347
2248,49.97,538,725.2509149558841
2249,49.99,583,729.1939150136914
