,x,y,y_pred
0,5.01,2882,2886.7589613635623
1,5.03,2917,2878.4725930725535
2,5.05,2900,2870.2017551987656
3,5.07,2857,2861.9465375703485
4,5.09,2902,2853.707029159955
5,5.11,2824,2845.4833180880532
6,5.13,2765,2837.275491626235
7,5.15,2890,2829.08363620051
8,5.17,2814,2820.907837394602
9,5.19,2740,2812.7481799532334
10,5.21,2744,2804.6047477854045
11,5.23,2796,2796.477623967662
12,5.25,2820,2788.3668907473716
13,5.27,2698,2780.272629545968
14,5.29,2782,2772.19492096221
15,5.31,2767,2764.1338447754283
16,5.33,2807,2756.0894799487596
17,5.35,2719,2748.0619046323777
18,5.37,2633,2740.0511961667216
19,5.39,2731,2732.0574310857105
20,5.41,2732,2724.0806851199545
21,5.43,2735,2716.121033199962
22,5.45,2724,2708.1785494593328
23,5.47,2657,2700.253307237954
24,5.49,2587,2692.34537908518
25,5.51,2637,2684.4548367630136
26,5.53,2677,2676.581751249273
27,5.55,2653,2668.726192740759
28,5.57,2607,2660.8882306564096
29,5.59,2567,2653.0679336404555
30,5.61,2629,2645.2653695655563
31,5.63,2528,2637.4806055359472
32,5.65,2514,2629.7137078905616
33,5.67,2593,2621.9647422061607
34,5.69,2472,2614.2337733004465
35,5.71,2585,2606.5208652351785
36,5.73,2547,2598.826081319269
37,5.75,2514,2591.149484111891
38,5.77,2553,2583.4911354255596
39,5.79,2478,2575.8510963292224
40,5.81,2490,2568.229427151335
41,5.83,2463,2560.626187482932
42,5.85,2591,2553.0414361806907
43,5.87,2496,2545.4752313699905
44,5.89,2440,2537.9276304479636
45,5.91,2435,2530.398690086538
46,5.93,2552,2522.888466235479
47,5.95,2464,2515.397014125417
48,5.97,2433,2507.9243882708747
49,5.99,2367,2500.470642473285
50,6.01,2533,2493.035829824001
51,6.03,2396,2485.6200027073055
52,6.05,2461,2478.223212803405
53,6.07,2402,2470.845511091426
54,6.09,2388,2463.4869478523965
55,6.11,2447,2456.1475726722283
56,6.13,2407,2448.827434444689
57,6.15,2401,2441.526581374367
58,6.17,2414,2434.2450609796347
59,6.19,2368,2426.9829200955924
60,6.21,2372,2419.740204877028
61,6.23,2477,2412.5169608013475
62,6.25,2481,2405.3132326715117
63,6.27,2417,2398.1290646189636
64,6.29,2438,2390.9645001065483
65,6.31,2336,2383.8195819314287
66,6.33,2396,2376.6943522279917
67,6.35,2483,2369.588852470751
68,6.37,2454,2362.503123477241
69,6.39,2433,2355.4372054109053
70,6.41,2367,2348.391137783979
71,6.43,2383,2341.3649594603653
72,6.45,2360,2334.358708658502
73,6.47,2422,2327.372422954228
74,6.49,2368,2320.4061392836375
75,6.51,2361,2313.459893945929
76,6.53,2363,2306.5337226062516
77,6.55,2327,2299.6276602985404
78,6.57,2325,2292.741741428347
79,6.59,2437,2285.8759997756656
80,6.61,2349,2279.0304684977523
81,6.63,2404,2272.2051801319303
82,6.65,2357,2265.4001665984033
83,6.67,2278,2258.6154592030502
84,6.69,2373,2251.851088640218
85,6.71,2347,2245.1070849955104
86,6.73,2331,2238.383477748564
87,6.75,2383,2231.6802957758264
88,6.77,2315,2224.9975673533204
89,6.79,2187,2218.3353201594055
90,6.81,2224,2211.6935812775355
91,6.83,2344,2205.072377199003
92,6.85,2220,2198.471733825683
93,6.87,2198,2191.891676472771
94,6.89,2255,2185.332229871509
95,6.91,2155,2178.7934181719115
96,6.93,2274,2172.2752649454824
97,6.95,2180,2165.7777931879236
98,6.97,2202,2159.301025321842
99,6.99,2191,2152.844983199446
100,7.01,2150,2146.4096881052396
101,7.03,2173,2139.9951607587063
102,7.05,2063,2133.6014213169906
103,7.07,2233,2127.228489377567
104,7.09,2107,2120.8763839809144
105,7.11,2128,2114.5451236131703
106,7.13,2194,2108.2347262087887
107,7.15,2096,2101.94520915319
108,7.17,2203,2095.6765892853978
109,7.19,2085,2089.4288829006814
110,7.21,2136,2083.2021057531847
111,7.23,2142,2076.9962730585426
112,7.25,2051,2070.8113994965092
113,7.27,2147,2064.647499213564
114,7.29,2074,2058.5045858255153
115,7.31,2031,2052.382672420105
116,7.33,2089,2046.2817715595934
117,7.35,2016,2040.201895283356
118,7.37,2070,2034.1430551104563
119,7.39,1993,2028.1052620422238
120,7.41,2115,2022.0885265648226
121,7.43,1960,2016.0928586518116
122,7.45,2030,2010.1182677667034
123,7.47,1974,2004.1647628655141
124,7.49,1981,1998.2323523993045
125,7.51,1995,1992.3210443167204
126,7.53,1969,1986.4308460665275
127,7.55,1942,1980.5617646001301
128,7.57,2042,1974.7138063740954
129,7.59,2011,1968.8869773526694
130,7.61,2051,1963.081283010276
131,7.63,1965,1957.2967283340308
132,7.65,1972,1951.533317826225
133,7.67,2022,1945.791055506822
134,7.69,1924,1940.0699449159388
135,7.71,1961,1934.3699891163224
136,7.73,1881,1928.6911906958217
137,7.75,1917,1923.0335517698559
138,7.77,1915,1917.3970739838692
139,7.79,1984,1911.7817585157854
140,7.81,1949,1906.1876060784589
141,7.83,1920,1900.6146169221115
142,7.85,1913,1895.0627908367687
143,7.87,1959,1889.5321271546927
144,7.89,1954,1884.022624752803
145,7.91,1930,1878.53428205509
146,7.93,1899,1873.0670970350352
147,7.95,1873,1867.62106721801
148,7.97,1897,1862.1961896836792
149,7.99,1863,1856.7924610683895
150,8.01,1830,1851.4098775675666
151,8.03,1796,1846.048434938084
152,8.05,1815,1840.7081285006516
153,8.07,1865,1835.3889531421778
154,8.09,1849,1830.090903318137
155,8.11,1772,1824.8139730549256
156,8.13,1774,1819.5581559522152
157,8.15,1872,1814.323445185301
158,8.17,1872,1809.109833507438
159,8.19,1847,1803.917313252181
160,8.21,1787,1798.7458763357067
161,8.23,1824,1793.5955142591433
162,8.25,1703,1788.466218110882
163,8.27,1783,1783.3579785688944
164,8.29,1717,1778.2707859030297
165,8.31,1739,1773.20462997732
166,8.33,1801,1768.1595002522745
167,8.35,1731,1763.1353857871627
168,8.37,1789,1758.1322752423007
169,8.39,1724,1753.1501568813233
170,8.41,1741,1748.18901857346
171,8.43,1715,1743.2488477957922
172,8.45,1754,1738.3296316355186
173,8.47,1700,1733.431356792205
174,8.49,1777,1728.5540095800325
175,8.51,1776,1723.6975759300371
176,8.53,1666,1718.8620413923472
177,8.55,1710,1714.047391138411
178,8.57,1660,1709.2536099632262
179,8.59,1757,1704.4806822875516
180,8.61,1701,1699.7285921601238
181,8.63,1692,1694.9973232598604
182,8.65,1688,1690.2868588980677
183,8.67,1655,1685.5971820206282
184,8.69,1623,1680.9282752101963
185,8.71,1676,1676.2801206883769
186,8.73,1623,1671.6527003179103
187,8.75,1694,1667.0459956048385
188,8.77,1652,1662.4599877006763
189,8.79,1625,1657.8946574045663
190,8.81,1551,1653.3499851654433
191,8.83,1663,1648.825951084179
192,8.85,1614,1644.3225349157224
193,8.87,1599,1639.839716071247
194,8.89,1685,1635.3774736202754
195,8.91,1642,1630.935786292811
196,8.93,1644,1626.5146324814568
197,8.95,1561,1622.1139902435352
198,8.97,1630,1617.7338373031926
199,8.99,1638,1613.37415105351
200,9.01,1652,1609.034908558594
201,9.03,1628,1604.7160865556784
202,9.05,1594,1600.4176614572075
203,9.07,1562,1596.1396093529174
204,9.09,1691,1591.8819060119163
205,9.11,1626,1587.6445268847492
206,9.13,1572,1583.427447105471
207,9.15,1580,1579.2306414936993
208,9.17,1598,1575.0540845566711
209,9.19,1591,1570.8977504912937
210,9.21,1579,1566.7616131861819
211,9.23,1573,1562.645646223703
212,9.25,1542,1558.5498228820015
213,9.27,1552,1554.4741161370312
214,9.29,1622,1550.4184986645691
215,9.31,1605,1546.3829428422387
216,9.33,1573,1542.3674207515141
217,9.35,1541,1538.3719041797249
218,9.37,1493,1534.39636462206
219,9.39,1429,1530.4407732835507
220,9.41,1587,1526.5051010810698
221,9.43,1547,1522.5893186453027
222,9.45,1488,1518.6933963227366
223,9.47,1501,1514.8173041776167
224,9.49,1552,1510.961011993928
225,9.51,1502,1507.1244892773402
226,9.53,1529,1503.3077052571748
227,9.55,1518,1499.5106288883458
228,9.57,1515,1495.7332288533112
229,9.59,1443,1491.975473564005
230,9.61,1555,1488.2373311637702
231,9.63,1534,1484.5187695292939
232,9.65,1495,1480.8197562725195
233,9.67,1457,1477.1402587425714
234,9.69,1507,1473.4802440276608
235,9.71,1435,1469.8396789569947
236,9.73,1493,1466.2185301026752
237,9.75,1430,1462.6167637815947
238,9.77,1452,1459.0343460573258
239,9.79,1434,1455.4712427420054
240,9.81,1435,1451.9274193982128
241,9.83,1493,1448.4028413408464
242,9.85,1414,1444.8974736389878
243,9.87,1382,1441.411281117766
244,9.89,1478,1437.9442283602157
245,9.91,1408,1434.4962797091293
246,9.93,1382,1431.067399268903
247,9.95,1390,1427.6575509073796
248,9.97,1408,1424.2666982576816
249,9.99,1394,1420.8948047200456
250,10.01,1420,1417.5418334636447
251,10.03,1409,1414.2077474284097
252,10.05,1426,1410.8925093268472
253,10.07,1489,1407.5960816458455
254,10.09,1434,1404.318426648475
255,10.11,1418,1401.0595063757987
256,10.13,1385,1397.8192826486525
257,10.15,1377,1394.5977170694432
258,10.17,1401,1391.3947710239318
259,10.19,1366,1388.2104056830012
260,10.21,1363,1385.044582004441
261,10.23,1380,1381.8972607347087
262,10.25,1410,1378.768402410688
263,10.27,1398,1375.6579673614597
264,10.29,1371,1372.5659157100358
265,10.31,1409,1369.4922073751163
266,10.33,1347,1366.4368020728325
267,10.35,1364,1363.3996593184738
268,10.37,1351,1360.3807384282268
269,10.39,1331,1357.379998520897
270,10.41,1294,1354.397398519629
271,10.43,1384,1351.4328971536233
272,10.45,1315,1348.4864529598462
273,10.47,1262,1345.558024284735
274,10.49,1345,1342.647569285894
275,10.51,1388,1339.7550459337958
276,10.53,1323,1336.8804120134623
277,10.55,1360,1334.0236251261604
278,10.57,1334,1331.1846426910683
279,10.59,1320,1328.3634219469545
280,10.61,1249,1325.5599199538547
281,10.63,1286,1322.7740935947209
282,10.65,1353,1320.00589957709
283,10.67,1337,1317.2552944347367
284,10.69,1250,1314.5222345293164
285,10.71,1323,1311.8066760520137
286,10.73,1311,1309.108575025179
287,10.75,1281,1306.4278873039616
288,10.77,1305,1303.7645685779348
289,10.79,1296,1301.1185743727247
290,10.81,1244,1298.4898600516217
291,10.83,1301,1295.8783808171988
292,10.85,1286,1293.2840917129174
293,10.87,1245,1290.7069476247252
294,10.89,1242,1288.1469032826622
295,10.91,1310,1285.6039132624483
296,10.93,1281,1283.0779319870685
297,10.95,1281,1280.5689137283662
298,10.97,1266,1278.076812608605
299,10.99,1272,1275.601582602052
300,11.01,1267,1273.1431775365454
301,11.03,1286,1270.701551095051
302,11.05,1295,1268.276656817225
303,11.07,1304,1265.8684481009618
304,11.09,1274,1263.4768782039478
305,11.11,1291,1261.1019002451967
306,11.13,1222,1258.7434672065924
307,11.15,1234,1256.401531934422
308,11.17,1189,1254.076047140894
309,11.19,1218,1251.7669654056772
310,11.21,1265,1249.4742391774034
311,11.23,1254,1247.1978207751913
312,11.25,1222,1244.9376623901408
313,11.27,1303,1242.693716086856
314,11.29,1274,1240.4659338049232
315,11.31,1315,1238.2542673604162
316,11.33,1277,1236.0586684473787
317,11.35,1226,1233.8790886393108
318,11.37,1195,1231.7154793906489
319,11.39,1245,1229.5677920382318
320,11.41,1194,1227.4359778027801
321,11.43,1189,1225.319987790347
322,11.45,1325,1223.2197729937902
323,11.47,1249,1221.1352842942147
324,11.49,1206,1219.066472462434
325,11.51,1268,1217.0132881603981
326,11.53,1206,1214.9756819426525
327,11.55,1187,1212.9536042577556
328,11.57,1245,1210.9470054497187
329,11.59,1193,1208.9558357594265
330,11.61,1202,1206.9800453260577
331,11.63,1215,1205.0195841885002
332,11.65,1170,1203.0744022867725
333,11.67,1219,1201.1444494634034
334,11.69,1202,1199.2296754648596
335,11.71,1202,1197.3300299429302
336,11.73,1241,1195.4454624561135
337,11.75,1166,1193.5759224710137
338,11.77,1174,1191.7213593637157
339,11.79,1248,1189.8817224211639
340,11.81,1210,1188.0569608425385
341,11.83,1210,1186.247023740615
342,11.85,1205,1184.4518601431328
343,11.87,1171,1182.6714189941486
344,11.89,1200,1180.9056491553988
345,11.91,1174,1179.1544994076353
346,11.93,1168,1177.417918451979
347,11.95,1180,1175.695854911257
348,11.97,1156,1173.988257331332
349,11.99,1247,1172.2950741824375
350,12.01,1228,1170.6162538605
351,12.03,1156,1168.951744688462
352,12.05,1193,1167.3014949175936
353,12.07,1172,1165.6654527288047
354,12.09,1221,1164.043566233955
355,12.11,1111,1162.4357834771504
356,12.13,1189,1160.8420524360417
357,12.15,1173,1159.2623210231163
358,12.17,1100,1157.6965370869902
359,12.19,1187,1156.144648413686
360,12.21,1191,1154.6066027279103
361,12.23,1115,1153.0823476943287
362,12.25,1168,1151.5718309188414
363,12.27,1179,1150.074999949837
364,12.29,1104,1148.591802279459
365,12.31,1206,1147.1221853448592
366,12.33,1181,1145.6660965294477
367,12.35,1134,1144.223483164144
368,12.37,1194,1142.7942925286038
369,12.39,1121,1141.3784718524748
370,12.41,1147,1139.9759683166212
371,12.43,1132,1138.586729054347
372,12.45,1138,1137.210701152619
373,12.47,1126,1135.8478316532946
374,12.49,1151,1134.4980675543302
375,12.51,1116,1133.161355810987
376,12.53,1123,1131.8376433370418
377,12.55,1115,1130.526877005983
378,12.57,1162,1129.2290036522122
379,12.59,1107,1127.9439700722305
380,12.61,1133,1126.6717230258264
381,12.63,1087,1125.41220923726
382,12.65,1140,1124.1653753964342
383,12.67,1158,1122.931168160087
384,12.69,1072,1121.7095341529252
385,12.71,1140,1120.50041996883
386,12.73,1170,1119.303772171988
387,12.75,1058,1118.119537298056
388,12.77,1170,1116.9476618553163
389,12.79,1098,1115.788092325809
390,12.81,1175,1114.6407751664951
391,12.83,1114,1113.5056568103778
392,12.85,1052,1112.3826836676344
393,12.87,1078,1111.2718021267651
394,12.89,1111,1110.1729585556886
395,12.91,1124,1109.0860993028914
396,12.93,1071,1108.0111706985108
397,12.95,1078,1106.948119055478
398,12.97,1098,1105.8968906706068
399,12.99,1111,1104.8574318257024
400,13.01,1120,1103.8296887886472
401,13.03,1157,1102.8136078145112
402,13.05,1133,1101.8091351466328
403,13.07,1095,1100.8162170177015
404,13.09,1162,1099.8347996508446
405,13.11,1051,1098.8648292606954
406,13.13,1073,1097.9062520544703
407,13.15,1058,1096.9590142330367
408,13.17,1109,1096.023061991974
409,13.19,1074,1095.0983415226283
410,13.21,1126,1094.18479901318
411,13.23,1123,1093.2823806496694
412,13.25,1072,1092.3910326170712
413,13.27,1071,1091.5107011003174
414,13.29,1057,1090.641332285334
415,13.31,1036,1089.7828723600887
416,13.33,1068,1088.9352675156028
417,13.35,1044,1088.0984639469834
418,13.37,1132,1087.2724078544406
419,13.39,1062,1086.4570454443083
420,13.41,1103,1085.6523229300487
421,13.43,1038,1084.8581865332621
422,13.45,1083,1084.0745824846908
423,13.47,1100,1083.3014570252176
424,13.49,1107,1082.53875640686
425,13.51,1042,1081.7864268937583
426,13.53,1011,1081.044414763167
427,13.55,1108,1080.3126663064218
428,13.57,1060,1079.5911278299413
429,13.59,1019,1078.8797456561738
430,13.61,1082,1078.1784661245933
431,13.63,1034,1077.4872355926382
432,13.65,1048,1076.8060004366866
433,13.67,1046,1076.1347070530169
434,13.69,1027,1075.4733018587453
435,13.71,1052,1074.8217312927832
436,13.73,1147,1074.1799418167852
437,13.75,1006,1073.547879916076
438,13.77,1085,1072.9254921005963
439,13.79,1073,1072.3127249058343
440,13.81,1029,1071.709524893748
441,13.83,1064,1071.1158386536877
442,13.85,985,1070.5316128033273
443,13.87,957,1069.956793989552
444,13.89,1080,1069.3913288894046
445,13.91,1022,1068.8351642109687
446,13.93,1083,1068.2882466942724
447,13.95,1071,1067.7505231121986
448,13.97,1035,1067.2219402713627
449,13.99,1042,1066.702445013027
450,14.01,1035,1066.1919842139541
451,14.03,1064,1065.6905047873265
452,14.05,1074,1065.1979536835888
453,14.07,1007,1064.7142778913535
454,14.09,996,1064.2394244382367
455,14.11,976,1063.773340391765
456,14.13,1063,1063.3159728602009
457,14.15,1056,1062.8672689934165
458,14.17,1025,1062.4271759837507
459,14.19,969,1061.9956410668515
460,14.21,1000,1061.5726115225325
461,14.23,1079,1061.1580346755927
462,14.25,976,1060.7518578966747
463,14.27,1028,1060.354028603097
464,14.29,1056,1059.9644942596701
465,14.31,1086,1059.5832023795397
466,14.33,1041,1059.2101005249915
467,14.35,1011,1058.845136308279
468,14.37,1030,1058.4882573924424
469,14.39,1001,1058.1394114920986
470,14.41,1048,1057.7985463742743
471,14.43,1000,1057.4656098591827
472,14.45,1039,1057.1405498210347
473,14.47,1022,1056.8233141888363
474,14.49,993,1056.5138509471603
475,14.51,1022,1056.2121081369628
476,14.53,957,1055.9180338563365
477,14.55,1100,1055.6315762613003
478,14.57,1049,1055.3526835665775
479,14.59,1087,1055.0813040463636
480,14.61,985,1054.817386035082
481,14.63,1031,1054.5608779281733
482,14.65,1052,1054.3117281828295
483,14.67,1003,1054.0698853187519
484,14.69,1042,1053.8352979189176
485,14.71,1018,1053.6079146303055
486,14.73,1032,1053.3876841646647
487,14.75,1079,1053.1745552992265
488,14.77,1035,1052.9684768774632
489,14.79,1073,1052.7693978098068
490,14.81,1023,1052.5772670743836
491,14.83,1021,1052.3920337177274
492,14.85,1083,1052.213646855525
493,14.87,1032,1052.0420556732947
494,14.89,980,1051.8772094271421
495,14.91,1061,1051.719057444422
496,14.93,1062,1051.5675491244965
497,14.95,1039,1051.42263393939
498,14.97,1020,1051.2842614345032
499,14.99,1038,1051.1523812293285
500,15.01,1056,1051.026943018102
501,15.03,1044,1050.9078965705107
502,15.05,993,1050.7951917323862
503,15.07,1087,1050.6887784263527
504,15.09,1025,1050.5886066525318
505,15.11,1061,1050.4946264891923
506,15.13,1055,1050.4067880934322
507,15.15,1029,1050.3250417018367
508,15.17,1029,1050.2493376311331
509,15.19,1055,1050.1796262788635
510,15.21,1052,1050.115858124012
511,15.23,1009,1050.057983727681
512,15.25,1041,1050.0059537337106
513,15.27,1016,1049.9597188693533
514,15.29,1048,1049.9192299458664
515,15.31,1018,1049.884437859183
516,15.33,1089,1049.855293590536
517,15.35,1039,1049.8317482070815
518,15.37,986,1049.8137528625007
519,15.39,992,1049.8012587976596
520,15.41,1044,1049.7942173411998
521,15.43,1042,1049.7925799101517
522,15.45,1059,1049.7962980105358
523,15.47,1046,1049.805323238004
524,15.49,946,1049.8196072783953
525,15.51,1043,1049.8391019083556
526,15.53,1020,1049.8637589959408
527,15.55,1023,1049.893530501187
528,15.57,1011,1049.9283684767088
529,15.59,1033,1049.9682250682795
530,15.61,1052,1050.0130525154104
531,15.63,1011,1050.062803151934
532,15.65,1052,1050.1174294065695
533,15.67,1032,1050.1768838034836
534,15.69,1001,1050.2411189628842
535,15.71,1010,1050.3100876015455
536,15.73,1012,1050.383742533394
537,15.75,977,1050.4620366700478
538,15.77,992,1050.5449230213844
539,15.79,1022,1050.6323546960698
540,15.81,1013,1050.7242849020986
541,15.83,993,1050.820666947372
542,15.85,1009,1050.9214542401996
543,15.87,1010,1051.026600289828
544,15.89,1032,1051.136058707018
545,15.91,1010,1051.2497832044978
546,15.93,1014,1051.3677275975647
547,15.95,983,1051.4898458045514
548,15.97,1023,1051.616091847351
549,15.99,1029,1051.746419851962
550,16.01,983,1051.8807840489435
551,16.03,1008,1052.0191387739642
552,16.05,1036,1052.1614384683053
553,16.07,1041,1052.307637679316
554,16.09,1026,1052.4576910609603
555,16.11,1019,1052.6115533742718
556,16.13,1047,1052.7691794878706
557,16.15,1017,1052.930524378433
558,16.17,1018,1053.0955431311636
559,16.19,1041,1053.2641909402919
560,16.21,983,1053.436423109551
561,16.23,1061,1053.6121950526226
562,16.25,1052,1053.7914622936328
563,16.27,1023,1053.9741804676046
564,16.29,1010,1054.1603053209128
565,16.31,1036,1054.3497927117623
566,16.33,1027,1054.542598610618
567,16.35,981,1054.738679100676
568,16.37,1051,1054.9379903783015
569,16.39,1018,1055.1404887534754
570,16.41,1005,1055.3461306502336
571,16.43,1017,1055.5548726071183
572,16.45,1051,1055.7666712775776
573,16.47,1028,1055.9814834304589
574,16.49,1053,1056.1992659503621
575,16.51,1033,1056.4199758381142
576,16.53,1005,1056.643570211193
577,16.55,1001,1056.8700063041074
578,16.57,991,1057.0992414688417
579,16.59,1046,1057.331233175269
580,16.61,1031,1057.5659390115397
581,16.63,1058,1057.8033166844975
582,16.65,1049,1058.0433240200896
583,16.67,997,1058.2859189637466
584,16.69,1036,1058.5310595807882
585,16.71,946,1058.7787040568246
586,16.73,1013,1059.0288106981257
587,16.75,1056,1059.2813379320205
588,16.77,1066,1059.536244307264
589,16.79,942,1059.7934884944416
590,16.81,1045,1060.053029286326
591,16.83,1037,1060.3148255982424
592,16.85,949,1060.5788364684608
593,16.87,1065,1060.8450210585538
594,16.89,1029,1061.1133386537354
595,16.91,1034,1061.3837486632751
596,16.93,1054,1061.6562106208007
597,16.95,994,1061.9306841846583
598,16.97,1083,1062.20712913831
599,16.99,1034,1062.485505390623
600,17.01,1001,1062.765772976246
601,17.03,1037,1063.0478920559412
602,17.05,1039,1063.331822916928
603,17.07,1025,1063.6175259732026
604,17.09,1067,1063.9049617658943
605,17.11,1061,1064.1940909635537
606,17.13,1050,1064.484874362532
607,17.15,1106,1064.777272887251
608,17.17,1042,1065.0712475905607
609,17.19,1015,1065.3667596540322
610,17.21,1049,1065.6637703882798
611,17.23,1030,1065.9622412332615
612,17.25,990,1066.2621337586024
613,17.27,1035,1066.5634096638842
614,17.29,1063,1066.8660307789432
615,17.31,1063,1067.169959064196
616,17.33,1009,1067.4751566108798
617,17.35,1109,1067.7815856414077
618,17.37,1075,1068.0892085096111
619,17.39,1071,1068.3979877010302
620,17.41,1084,1068.7078858332152
621,17.43,1036,1069.018865656003
622,17.45,1036,1069.3308900517618
623,17.47,1073,1069.6439220357183
624,17.49,1069,1069.9579247561733
625,17.51,1043,1070.2728614948005
626,17.53,1075,1070.5886956669092
627,17.55,976,1070.905390821693
628,17.57,1091,1071.2229106424952
629,17.59,1085,1071.5412189470594
630,17.61,1032,1071.8602796877944
631,17.63,1053,1072.180056952002
632,17.65,1050,1072.5005149621516
633,17.67,1006,1072.8216180760896
634,17.69,1077,1073.1433307873112
635,17.71,1038,1073.4656177251836
636,17.73,1031,1073.7884436551622
637,17.75,1059,1074.1117734790678
638,17.77,1045,1074.4355722352743
639,17.79,1058,1074.759805098945
640,17.81,1051,1075.0844373822838
641,17.83,1105,1075.409434534693
642,17.85,1007,1075.7347621430367
643,17.87,1066,1076.0603859318876
644,17.89,1031,1076.386271763643
645,17.91,1118,1076.7123856388152
646,17.93,1109,1077.0386936961945
647,17.95,1016,1077.3651622130847
648,17.97,1074,1077.6917576054648
649,17.99,1061,1078.0184464282224
650,18.01,1053,1078.345195375321
651,18.03,1066,1078.6719712799836
652,18.05,1078,1078.998741114944
653,18.07,1136,1079.3254719925517
654,18.09,1008,1079.652131164988
655,18.11,1026,1079.9786860244749
656,18.13,1069,1080.3051041033818
657,18.15,1050,1080.6313530745028
658,18.17,1145,1080.95740075111
659,18.19,1028,1081.2832150872255
660,18.21,1088,1081.6087641777108
661,18.23,1087,1081.934016258478
662,18.25,1099,1082.258939706634
663,18.27,1061,1082.5835030406402
664,18.29,1086,1082.9076749204578
665,18.31,1032,1083.2314241476997
666,18.33,1072,1083.5547196658113
667,18.35,1075,1083.877530560187
668,18.37,1103,1084.1998260583014
669,18.39,1121,1084.5215755299046
670,18.41,1071,1084.8427484870804
671,18.43,1169,1085.1633145844721
672,18.45,1066,1085.483243619341
673,18.47,1093,1085.8025055317507
674,18.49,1071,1086.121070404648
675,18.51,1139,1086.438908464021
676,18.53,1042,1086.755990079018
677,18.55,1062,1087.0722857620526
678,18.57,1175,1087.3877661689144
679,18.59,1113,1087.7024020989406
680,18.61,1116,1088.016164495024
681,18.63,1117,1088.3290244438408
682,18.65,1083,1088.6409531758563
683,18.67,1123,1088.951922065483
684,18.69,1073,1089.2619026311854
685,18.71,1144,1089.5708665355273
686,18.73,1190,1089.8787855853298
687,18.75,1114,1090.1856317317365
688,18.77,1105,1090.4913770702888
689,18.79,1114,1090.7959938410468
690,18.81,1093,1091.0994544286368
691,18.83,1112,1091.401731362373
692,18.85,1100,1091.702797316308
693,18.87,1168,1092.00262510932
694,18.89,1116,1092.3011877052118
695,18.91,1106,1092.5984582127298
696,18.93,1131,1092.8944098856732
697,18.95,1132,1093.1890161229753
698,18.97,1134,1093.4822504687031
699,18.99,1106,1093.7740866122094
700,19.01,1109,1094.0644983881148
701,19.03,1090,1094.3534597763924
702,19.05,1104,1094.6409449024532
703,19.07,1110,1094.92692803714
704,19.09,1125,1095.2113835968312
705,19.11,1112,1095.4942861434502
706,19.13,1116,1095.7756103845172
707,19.15,1167,1096.0553311732092
708,19.17,1191,1096.3334235083903
709,19.19,1184,1096.6098625346444
710,19.21,1105,1096.8846235423093
711,19.23,1125,1097.1576819675065
712,19.25,1141,1097.4290133921913
713,19.27,1112,1097.6985935441357
714,19.29,1128,1097.9663982970264
715,19.31,1054,1098.2324036704003
716,19.33,1161,1098.4965858297355
717,19.35,1053,1098.7589210864312
718,19.37,1125,1099.01938589784
719,19.39,1182,1099.2779568672395
720,19.41,1127,1099.5346107439063
721,19.43,1125,1099.7893244231072
722,19.45,1165,1100.0420749460595
723,19.47,1109,1100.292839499968
724,19.49,1119,1100.541595418043
725,19.51,1126,1100.7883201794575
726,19.53,1106,1101.0329914093545
727,19.55,1094,1101.275586878905
728,19.57,1109,1101.5160845051964
729,19.59,1178,1101.754462351265
730,19.61,1184,1101.9906986260985
731,19.63,1184,1102.2247716846277
732,19.65,1144,1102.456660027662
733,19.67,1189,1102.6863423018967
734,19.69,1132,1102.913797299907
735,19.71,1132,1103.1390039600806
736,19.73,1152,1103.3619413666443
737,19.75,1153,1103.5825887495703
738,19.77,1109,1103.800925484582
739,19.79,1200,1104.0169310931583
740,19.81,1114,1104.230585242401
741,19.83,1135,1104.441867745073
742,19.85,1191,1104.6507585595305
743,19.87,1224,1104.8572377896617
744,19.89,1182,1105.0612856849057
745,19.91,1127,1105.262882640116
746,19.93,1176,1105.4620091955608
747,19.95,1116,1105.6586460368858
748,19.97,1168,1105.8527739950168
749,19.99,1138,1106.0443740461142
750,20.01,1156,1106.2334273115634
751,20.03,1185,1106.4199150578165
752,20.05,1173,1106.6038186964179
753,20.07,1150,1106.7851197839082
754,20.09,1135,1106.9638000217124
755,20.11,1104,1107.1398412561666
756,20.13,1122,1107.31322547836
757,20.15,1213,1107.4839348240466
758,20.17,1132,1107.651951573699
759,20.19,1182,1107.8172581522672
760,20.21,1127,1107.979837129185
761,20.23,1116,1108.1396712183027
762,20.25,1175,1108.2967432777477
763,20.27,1140,1108.4510363098534
764,20.29,1137,1108.6025334610954
765,20.31,1191,1108.7512180219455
766,20.33,1145,1108.8970734268573
767,20.35,1181,1109.040083254089
768,20.37,1136,1109.1802312256636
769,20.39,1179,1109.317501207243
770,20.41,1175,1109.4518772079973
771,20.43,1184,1109.5833433805806
772,20.45,1121,1109.7118840209323
773,20.47,1201,1109.8374835682312
774,20.49,1174,1109.9601266047803
775,20.51,1160,1110.079797855814
776,20.53,1127,1110.1964821895326
777,20.55,1163,1110.3101646168247
778,20.57,1208,1110.4208302912502
779,20.59,1181,1110.52846450892
780,20.61,1129,1110.6330527083037
781,20.63,1163,1110.7345804701563
782,20.65,1119,1110.8330335173619
783,20.67,1185,1110.928397714892
784,20.69,1148,1111.0206590694934
785,20.71,1139,1111.109803729751
786,20.73,1210,1111.1958179858352
787,20.75,1206,1111.2786882694027
788,20.77,1233,1111.3584011534294
789,20.79,1241,1111.4349433521193
790,20.81,1155,1111.5083017206975
791,20.83,1152,1111.5784632553564
792,20.85,1220,1111.6454150929799
793,20.87,1275,1111.7091445111078
794,20.89,1171,1111.7696389277462
795,20.91,1202,1111.8268859011569
796,20.93,1171,1111.8808731298404
797,20.95,1171,1111.9315884522052
798,20.97,1191,1111.979019846587
799,20.99,1230,1112.0231554308898
800,21.01,1234,1112.063983462634
801,21.03,1168,1112.1014923386301
802,21.05,1195,1112.1356705949047
803,21.07,1183,1112.1665069064506
804,21.09,1174,1112.1939900871703
805,21.11,1201,1112.2181090895497
806,21.13,1159,1112.2388530046856
807,21.15,1161,1112.256211061877
808,21.17,1192,1112.270172628646
809,21.19,1127,1112.280727210462
810,21.21,1153,1112.2878644505222
811,21.23,1183,1112.2915741297106
812,21.25,1174,1112.2918461662498
813,21.27,1158,1112.2886706156328
814,21.29,1211,1112.2820376703608
815,21.31,1157,1112.2719376597706
816,21.33,1163,1112.2583610499073
817,21.35,1166,1112.2412984432085
818,21.37,1233,1112.220740578411
819,21.39,1144,1112.1966783302942
820,21.41,1198,1112.169102709524
821,21.43,1143,1112.1380048624019
822,21.45,1251,1112.1033760707196
823,21.47,1192,1112.0652077514992
824,21.49,1240,1112.0234914567868
825,21.51,1172,1111.9782188735103
826,21.53,1176,1111.9293818232068
827,21.55,1186,1111.876972261813
828,21.57,1134,1111.8209822794888
829,21.59,1169,1111.7614041003617
830,21.61,1200,1111.6982300823388
831,21.63,1114,1111.631452716848
832,21.65,1113,1111.561064628659
833,21.67,1209,1111.4870585756885
834,21.69,1193,1111.4094274486438
835,21.71,1200,1111.3281642709526
836,21.73,1197,1111.243262198468
837,21.75,1164,1111.154714519194
838,21.77,1158,1111.0625146531352
839,21.79,1168,1110.9666561520185
840,21.81,1150,1110.867132699053
841,21.83,1208,1110.7639381087224
842,21.85,1185,1110.6570663265607
843,21.87,1216,1110.5465114288336
844,21.89,1193,1110.4322676223892
845,21.91,1193,1110.3143292443442
846,21.93,1178,1110.1926907619127
847,21.95,1131,1110.0673467720371
848,21.97,1244,1109.93829200134
849,21.99,1162,1109.8055213056318
850,22.01,1137,1109.6690296698766
851,22.03,1144,1109.5288122078223
852,22.05,1235,1109.3848641617228
853,22.07,1219,1109.237180902213
854,22.09,1152,1109.085757927889
855,22.11,1164,1108.9305908651904
856,22.13,1179,1108.7716754680382
857,22.15,1238,1108.6090076176447
858,22.17,1205,1108.4425833222044
859,22.19,1098,1108.2723987166319
860,22.21,1195,1108.0984500623217
861,22.23,1202,1107.9207337468301
862,22.25,1145,1107.7392462837252
863,22.27,1175,1107.553984312146
864,22.29,1148,1107.3649445966207
865,22.31,1210,1107.172124026843
866,22.33,1148,1106.9755196172841
867,22.35,1214,1106.775128506994
868,22.37,1114,1106.570947959292
869,22.39,1198,1106.3629753614887
870,22.41,1178,1106.1512082246159
871,22.43,1115,1105.9356441831414
872,22.45,1183,1105.7162809946608
873,22.47,1211,1105.4931165396592
874,22.49,1214,1105.2661488211347
875,22.51,1160,1105.0353759644468
876,22.53,1203,1104.8007962168872
877,22.55,1125,1104.5624079474696
878,22.57,1099,1104.3202096466134
879,22.59,1145,1104.0741999258526
880,22.61,1172,1103.8243775175179
881,22.63,1148,1103.570741274486
882,22.65,1157,1103.3132901698118
883,22.67,1147,1103.052023296506
884,22.69,1150,1102.7869398671673
885,22.71,1190,1102.5180392137468
886,22.73,1207,1102.2453207871372
887,22.75,1194,1101.9687841570103
888,22.77,1145,1101.6884290113467
889,22.79,1086,1101.4042551563107
890,22.81,1103,1101.1162625157217
891,22.83,1100,1100.8244511309526
892,22.85,1149,1100.5288211605343
893,22.87,1125,1100.229372879739
894,22.89,1123,1099.9261066804306
895,22.91,1140,1099.619023070707
896,22.93,1105,1099.3081226744484
897,22.95,1107,1098.9934062311763
898,22.97,1189,1098.6748745956547
899,22.99,1133,1098.3525287375246
900,23.01,1178,1098.0263697410483
901,23.03,1099,1097.6963988047964
902,23.05,1148,1097.3626172412005
903,23.07,1100,1097.025026476405
904,23.09,1059,1096.6836280498032
905,23.11,1161,1096.3384236137272
906,23.13,1073,1095.9894149331622
907,23.15,1092,1095.636603885403
908,23.17,1122,1095.2799924596843
909,23.19,1120,1094.9195827568806
910,23.21,1114,1094.555376989144
911,23.23,1069,1094.1873774796054
912,23.25,1090,1093.8155866619845
913,23.27,1075,1093.4400070803144
914,23.29,1150,1093.0606413885175
915,23.31,1168,1092.6774923501357
916,23.33,1082,1092.290562837933
917,23.35,1068,1091.8998558336393
918,23.37,1113,1091.5053744274715
919,23.39,1129,1091.1071218178854
920,23.41,1131,1090.7051013112018
921,23.43,1092,1090.299316321264
922,23.45,1050,1089.8897703690504
923,23.47,1070,1089.4764670823783
924,23.49,1097,1089.0594101955157
925,23.51,1054,1088.638603548805
926,23.53,1121,1088.214051088382
927,23.55,1110,1087.7857568657369
928,23.57,1082,1087.353725037413
929,23.59,1091,1086.9179598646447
930,23.61,1023,1086.4784657129244
931,23.63,1076,1086.03524705176
932,23.65,1086,1085.5883084542616
933,23.67,1094,1085.1376545967073
934,23.69,1065,1084.6832902582878
935,23.71,1093,1084.2252203206467
936,23.73,1095,1083.763449767619
937,23.75,1093,1083.2979836847971
938,23.77,1029,1082.8288272591367
939,23.79,1128,1082.3559857786531
940,23.81,1070,1081.8794646320075
941,23.83,1102,1081.39926930815
942,23.85,1048,1080.91540539594
943,23.87,1099,1080.4278785837973
944,23.89,1087,1079.9366946592786
945,23.91,1069,1079.4418595087604
946,23.93,1046,1078.9433791170113
947,23.95,1039,1078.4412595668127
948,23.97,1058,1077.93550703866
949,23.99,1047,1077.4261278103068
950,24.01,1057,1076.9131282563676
951,24.03,995,1076.3965148480297
952,24.05,1042,1075.8762941525356
953,24.07,1037,1075.3524728329485
954,24.09,1003,1074.8250576476457
955,24.11,1017,1074.2940554500242
956,24.13,1017,1073.759473188035
957,24.15,1059,1073.22131790382
958,24.17,1034,1072.679596733416
959,24.19,1023,1072.1343169061965
960,24.21,1064,1071.585485744608
961,24.23,1051,1071.0331106637782
962,24.25,1078,1070.4771991709936
963,24.27,1071,1069.917758865448
964,24.29,1031,1069.3547974378507
965,24.31,992,1068.7883226699046
966,24.33,1018,1068.218342434036
967,24.35,1002,1067.6448646928907
968,24.37,989,1067.067897499061
969,24.39,1002,1066.4874489946033
970,24.41,1073,1065.9035274105868
971,24.43,995,1065.3161410668836
972,24.45,1029,1064.7252983715098
973,24.47,982,1064.1310078205101
974,24.49,986,1063.5332779972723
975,24.51,988,1062.9321175722962
976,24.53,1046,1062.3275353028257
977,24.55,998,1061.7195400322457
978,24.57,996,1061.1081406898843
979,24.59,966,1060.493346290497
980,24.61,1049,1059.8751659338677
981,24.63,1052,1059.2536088043857
982,24.65,1036,1058.628684170751
983,24.67,997,1058.0004013854173
984,24.69,988,1057.3687698842232
985,24.71,1047,1056.7337991860436
986,24.73,988,1056.0954988923213
987,24.75,964,1055.4538786866565
988,24.77,969,1054.8089483343947
989,24.79,959,1054.1607176822654
990,24.81,1037,1053.5091966577934
991,24.83,1008,1052.8543952692025
992,24.85,1019,1052.1963236046727
993,24.87,1020,1051.5349918320571
994,24.89,996,1050.8704101984936
995,24.91,981,1050.202589029992
996,24.93,985,1049.5315387308806
997,24.95,970,1048.8572697835698
998,24.97,1007,1048.179792748018
999,24.99,969,1047.4991182612707
1000,25.01,1037,1046.815257037248
1001,25.03,1000,1046.1282198659583
1002,25.05,963,1045.4380176135328
1003,25.07,950,1044.7446612213885
1004,25.09,972,1044.0481617060104
1005,25.11,982,1043.3485301585633
1006,25.13,956,1042.6457777442656
1007,25.15,963,1041.9399157022235
1008,25.17,1020,1041.2309553447335
1009,25.19,1044,1040.5189080571
1010,25.21,981,1039.8037852970315
1011,25.23,1017,1039.0855985943117
1012,25.25,963,1038.3643595502917
1013,25.27,944,1037.6400798375307
1014,25.29,938,1036.91277119925
1015,25.31,987,1036.1824454491566
1016,25.33,933,1035.4491144706844
1017,25.35,924,1034.7127902167222
1018,25.37,1031,1033.9734847092873
1019,25.39,1030,1033.2312100388694
1020,25.41,970,1032.4859783640632
1021,25.43,1000,1031.7378019113535
1022,25.45,926,1030.9866929743225
1023,25.47,1006,1030.2326639134694
1024,25.49,979,1029.475727155644
1025,25.51,932,1028.7158951937113
1026,25.53,957,1027.9531805859883
1027,25.55,952,1027.1875959559907
1028,25.57,996,1026.4191539917674
1029,25.59,968,1025.6478674456116
1030,25.61,988,1024.8737491335764
1031,25.63,977,1024.0968119351037
1032,25.65,987,1023.3170687923403
1033,25.67,998,1022.5345327101413
1034,25.69,943,1021.7492167551427
1035,25.71,939,1020.9611340555884
1036,25.73,953,1020.1702978008616
1037,25.75,953,1019.3767212410512
1038,25.77,991,1018.580417686449
1039,25.79,955,1017.7814005070572
1040,25.81,925,1016.9796831323183
1041,25.83,998,1016.1752790504529
1042,25.85,939,1015.3682018082341
1043,25.87,942,1014.5584650104292
1044,25.89,974,1013.7460823192955
1045,25.91,952,1012.9310674542076
1046,25.93,947,1012.1134341912825
1047,25.95,968,1011.2931963627129
1048,25.97,917,1010.4703678565643
1049,25.99,924,1009.6449626161839
1050,26.01,899,1008.816994639807
1051,26.03,972,1007.9864779799877
1052,26.05,963,1007.1534267433699
1053,26.07,958,1006.3178550901102
1054,26.09,935,1005.479777233284
1055,26.11,961,1004.6392074388086
1056,26.13,967,1003.7961600245635
1057,26.15,945,1002.950649360273
1058,26.17,922,1002.1026898668488
1059,26.19,930,1001.25229601604
1060,26.21,966,1000.3994823299877
1061,26.23,918,999.5442633807102
1062,26.25,885,998.6866537896522
1063,26.27,945,997.8266682272965
1064,26.29,924,996.9643214126586
1065,26.31,887,996.0996281128782
1066,26.33,949,995.2326031426414
1067,26.35,911,994.3632613639552
1068,26.37,921,993.4916176854545
1069,26.39,904,992.6176870620438
1070,26.41,928,991.7414844945292
1071,26.43,917,990.8630250290798
1072,26.45,1000,989.9823237565879
1073,26.47,924,989.0993958126692
1074,26.49,973,988.2142563767638
1075,26.51,939,987.3269206719469
1076,26.53,982,986.4374039642303
1077,26.55,977,985.5457215624365
1078,26.57,1017,984.6518888174855
1079,26.59,939,983.7559211219996
1080,26.61,958,982.8578339098258
1081,26.63,903,981.9576426556628
1082,26.65,947,981.055362874557
1083,26.67,950,980.1510101214035
1084,26.69,997,979.2445999905563
1085,26.71,937,978.3361481153488
1086,26.73,965,977.4256701675408
1087,26.75,902,976.5131818570826
1088,26.77,909,975.5986989313242
1089,26.79,958,974.6822371749986
1090,26.81,953,973.763812409285
1091,26.83,990,972.8434404917216
1092,26.85,927,971.9211373155595
1093,26.87,953,970.9969188093073
1094,26.89,977,970.070800936453
1095,26.91,937,969.1427996946636
1096,26.93,954,968.2129311156887
1097,26.95,922,967.2812112647039
1098,26.97,915,966.3476562397805
1099,26.99,979,965.4122821717292
1100,27.01,943,964.4751052232687
1101,27.03,883,963.5361415887642
1102,27.05,872,962.5954074938809
1103,27.07,890,961.6529191948653
1104,27.09,930,960.7086929781794
1105,27.11,898,959.7627451601575
1106,27.13,859,958.81509208641
1107,27.15,907,957.8657501314829
1108,27.17,876,956.9147356981862
1109,27.19,884,955.9620652174162
1110,27.21,864,955.0077551474433
1111,27.23,907,954.0518219736418
1112,27.25,919,953.0942822078778
1113,27.27,927,952.1351523882176
1114,27.29,901,951.1744490782817
1115,27.31,918,950.2121888669076
1116,27.33,885,949.2483883675914
1117,27.35,888,948.2830642182712
1118,27.37,921,947.316233080533
1119,27.39,848,946.3479116392796
1120,27.41,914,945.37811660241
1121,27.43,932,944.4068647002427
1122,27.45,843,943.4341726849684
1123,27.47,865,942.4600573303578
1124,27.49,870,941.4845354312192
1125,27.51,956,940.5076238028714
1126,27.53,838,939.5293392809081
1127,27.55,888,938.549698720467
1128,27.57,940,937.568718995939
1129,27.59,882,936.5864170004588
1130,27.61,877,935.6028096454784
1131,27.63,916,934.6179138602383
1132,27.65,909,933.6317465913662
1133,27.67,927,932.6443248024207
1134,27.69,865,931.6556654734386
1135,27.71,841,930.6657856003749
1136,27.73,855,929.6747021948131
1137,27.75,901,928.6824322833872
1138,27.77,882,927.6889929073504
1139,27.79,869,926.6944011221676
1140,27.81,891,925.6986739969379
1141,27.83,909,924.7018286140519
1142,27.85,874,923.7038820687512
1143,27.87,865,922.704851468473
1144,27.89,922,921.7047539327295
1145,27.91,887,920.7036065923148
1146,27.93,853,919.701426589053
1147,27.95,904,918.698231075311
1148,27.97,836,917.6940372134486
1149,27.99,893,916.6888621754342
1150,28.01,906,915.6827231424331
1151,28.03,910,914.6756373043308
1152,28.05,868,913.6676218591556
1153,28.07,889,912.6586940128
1154,28.09,867,911.6488709784362
1155,28.11,908,910.638169976176
1156,28.13,867,909.6266082324682
1157,28.15,856,908.6142029799021
1158,28.17,867,907.6009714563215
1159,28.19,915,906.5869309048603
1160,28.21,877,905.5720985732023
1161,28.23,872,904.5564917131423
1162,28.25,901,903.5401275802096
1163,28.27,908,902.5230234332403
1164,28.29,857,901.5051965338316
1165,28.31,884,900.486664145953
1166,28.33,820,899.4674435354063
1167,28.35,935,898.4475519695261
1168,28.37,836,897.427006716789
1169,28.39,870,896.4058250458493
1170,28.41,881,895.3840242258311
1171,28.43,852,894.3616215254133
1172,28.45,916,893.338634212394
1173,28.47,847,892.3150795534284
1174,28.49,853,891.2909748134143
1175,28.51,865,890.266337255176
1176,28.53,865,889.241184139004
1177,28.55,885,888.2155327220444
1178,28.57,855,887.1894002580084
1179,28.59,834,886.1628039967791
1180,28.61,849,885.1357611837566
1181,28.63,896,884.1082890596772
1182,28.65,871,883.0804048598602
1183,28.67,831,882.0521258140752
1184,28.69,871,881.0234691458263
1185,28.71,852,879.9944520722029
1186,28.73,859,878.965091803113
1187,28.75,865,877.935405541124
1188,28.77,849,876.9054104808256
1189,28.79,857,875.8751238084169
1190,28.81,846,874.844562701478
1191,28.83,888,873.813744328173
1192,28.85,850,872.7826858471044
1193,28.87,877,871.7514044068157
1194,28.89,842,870.7199171452148
1195,28.91,895,869.6882411892193
1196,28.93,867,868.6563936544571
1197,28.95,833,867.6243916445474
1198,28.97,865,866.5922522509654
1199,28.99,830,865.5599925522565
1200,29.01,809,864.5276296141046
1201,29.03,867,863.4951804883704
1202,29.05,858,862.4626622128744
1203,29.07,830,861.4300918111039
1204,29.09,859,860.3974862915975
1205,29.11,839,859.3648626475215
1206,29.13,853,858.3322378563807
1207,29.15,829,857.2996288793465
1208,29.17,864,856.2670526611118
1209,29.19,809,855.2345261292412
1210,29.21,805,854.2020661939059
1211,29.23,861,853.1696897472184
1212,29.25,808,852.1374136630602
1213,29.27,847,851.1052547964955
1214,29.29,831,850.0732299834744
1215,29.31,822,849.0413560402549
1216,29.33,842,848.009649763063
1217,29.35,836,846.9781279277404
1218,29.37,829,845.9468072891159
1219,29.39,845,844.915704580756
1220,29.41,883,843.8848365145232
1221,29.43,868,842.8542197801489
1222,29.45,854,841.8238710445421
1223,29.47,840,840.7938069519942
1224,29.49,828,839.7640441230251
1225,29.51,856,838.7345991545826
1226,29.53,809,837.705488619109
1227,29.55,869,836.6767290645785
1228,29.57,835,835.6483370137821
1229,29.59,798,834.620328963957
1230,29.61,810,833.5927213865161
1231,29.63,857,832.5655307264933
1232,29.65,869,831.538773401986
1233,29.67,842,830.5124658043769
1234,29.69,861,829.486624296831
1235,29.71,804,828.4612652151163
1236,29.73,813,827.436404866221
1237,29.75,844,826.4120595285103
1238,29.77,851,825.3882454509912
1239,29.79,814,824.3649788531229
1240,29.81,801,823.342275924294
1241,29.83,802,822.3201528234167
1242,29.85,842,821.2986256786862
1243,29.87,806,820.2777105868172
1244,29.89,816,819.2574236130185
1245,29.91,794,818.2377807903622
1246,29.93,796,817.2187981194356
1247,29.95,831,816.2004915681
1248,29.97,822,815.1828770707243
1249,29.99,853,814.1659705281454
1250,30.01,781,813.1497878070604
1251,30.03,814,812.1343447397094
1252,30.05,807,811.1196571234877
1253,30.07,858,810.1057407203907
1254,30.09,840,809.0926112569723
1255,30.11,774,808.0802844235823
1256,30.13,789,807.0687758741124
1257,30.15,783,806.0581012256334
1258,30.17,836,805.0482760579462
1259,30.19,842,804.0393159133009
1260,30.21,807,803.0312362957538
1261,30.23,785,802.0240526712314
1262,30.25,810,801.017780466479
1263,30.27,811,800.0124350694041
1264,30.29,845,799.0080318281161
1265,30.31,806,798.0045860509099
1266,30.33,788,797.0021130055411
1267,30.35,799,796.0006279193194
1268,30.37,856,795.000145978016
1269,30.39,765,794.0006823264266
1270,30.41,793,793.0022520670345
1271,30.43,833,792.0048702602326
1272,30.45,780,791.0085519238701
1273,30.47,859,790.013312032509
1274,30.49,807,789.0191655176923
1275,30.51,751,788.026127266814
1276,30.53,792,787.034212123328
1277,30.55,753,786.0434348862091
1278,30.57,796,785.0538103095078
1279,30.59,808,784.0653531018452
1280,30.61,750,783.0780779263896
1281,30.63,767,782.0919994002998
1282,30.65,839,781.1071320942392
1283,30.67,791,780.1234905322326
1284,30.69,829,779.1410891911573
1285,30.71,837,778.1599425004542
1286,30.73,732,777.1800648416565
1287,30.75,851,776.2014705482525
1288,30.77,745,775.224173904824
1289,30.79,770,774.2481891474345
1290,30.81,816,773.2735304627058
1291,30.83,809,772.3002119874891
1292,30.85,754,771.3282478087931
1293,30.87,742,770.3576519631815
1294,30.89,755,769.3884384364419
1295,30.91,767,768.420621163642
1296,30.93,793,767.4542140279227
1297,30.95,769,766.4892308610197
1298,30.97,753,765.5256854423442
1299,30.99,746,764.5635914989425
1300,31.01,776,763.602962705052
1301,31.03,774,762.6438126815374
1302,31.05,736,761.6861549960759
1303,31.07,786,760.7300031620925
1304,31.09,741,759.775370639215
1305,31.11,771,758.8222708321755
1306,31.13,801,757.870717091032
1307,31.15,784,756.9207227104243
1308,31.17,756,755.9723009296486
1309,31.19,772,755.025464931914
1310,31.21,758,754.0802278442261
1311,31.23,762,753.136602737055
1312,31.25,751,752.1946026239075
1313,31.27,733,751.2542404611077
1314,31.29,746,750.3155291472231
1315,31.31,702,749.3784815230492
1316,31.33,739,748.4431103712459
1317,31.35,759,747.509428415673
1318,31.37,767,746.5774483214855
1319,31.39,800,745.6471826945108
1320,31.41,805,744.7186440809946
1321,31.43,757,743.7918449674307
1322,31.45,754,742.8667977801742
1323,31.47,774,741.943514884817
1324,31.49,742,741.0220085862775
1325,31.51,753,740.102291128519
1326,31.53,768,739.1843746936302
1327,31.55,719,738.2682714023194
1328,31.57,735,737.3539933128759
1329,31.59,754,736.4415524214983
1330,31.61,746,735.5309606614128
1331,31.63,724,734.6222299030396
1332,31.65,729,733.7153719532453
1333,31.67,762,732.8103985553771
1334,31.69,730,731.907321389016
1335,31.71,770,731.0061520691088
1336,31.73,733,730.1069021464373
1337,31.75,760,729.2095831065799
1338,31.77,760,728.3142063703026
1339,31.79,748,727.4207832927268
1340,31.81,725,726.5293251632011
1341,31.83,769,725.6398432052529
1342,31.85,711,724.7523485757938
1343,31.87,765,723.8668523652568
1344,31.89,760,722.9833655972689
1345,31.91,757,722.1018992280142
1346,31.93,737,721.2224641463445
1347,31.95,734,720.3450711731784
1348,31.97,737,719.4697310615893
1349,31.99,724,718.5964544962253
1350,32.01,693,717.7252520927786
1351,32.03,757,716.8561343986612
1352,32.05,752,715.9891118914265
1353,32.07,760,715.1241949796613
1354,32.09,688,714.261394001901
1355,32.11,706,713.4007192268018
1356,32.13,729,712.5421808526307
1357,32.15,710,711.6857890072424
1358,32.17,708,710.8315537474155
1359,32.19,696,709.9794850590242
1360,32.21,772,709.1295928564141
1361,32.23,758,708.2818869825669
1362,32.25,690,707.4363772081715
1363,32.27,689,706.5930732319584
1364,32.29,707,705.7519846803134
1365,32.31,716,704.9131211068452
1366,32.33,751,704.0764919921085
1367,32.35,753,703.2421067434698
1368,32.37,697,702.4099746950615
1369,32.39,644,701.5801051072203
1370,32.41,711,700.7525071662067
1371,32.43,694,699.9271899840305
1372,32.45,767,699.104162598409
1373,32.47,717,698.2834339723067
1374,32.49,729,697.4650129938182
1375,32.51,718,696.648908475514
1376,32.53,699,695.8351291549916
1377,32.55,706,695.0236836936783
1378,32.57,681,694.2145806775052
1379,32.59,726,693.4078286161212
1380,32.61,727,692.6034359426458
1381,32.63,711,691.8014110137538
1382,32.65,717,691.0017621092484
1383,32.67,738,690.204497431715
1384,32.69,716,689.4096251064702
1385,32.71,772,688.6171531815262
1386,32.73,717,687.8270896267986
1387,32.75,733,687.0394423343259
1388,32.77,650,686.2542191181647
1389,32.79,719,685.4714277135436
1390,32.81,707,684.6910757774549
1391,32.83,749,683.913170887633
1392,32.85,755,683.1377205430763
1393,32.87,689,682.3647321632961
1394,32.89,718,681.5942130882895
1395,32.91,697,680.8261705787017
1396,32.93,687,680.0606118145724
1397,32.95,682,679.2975438964131
1398,32.97,786,678.5369738441605
1399,32.99,718,677.7789085973345
1400,33.01,720,677.0233550146368
1401,33.03,751,676.2703198738063
1402,33.05,703,675.5198098715682
1403,33.07,729,674.7718316231758
1404,33.09,683,674.0263916625172
1405,33.11,686,673.2834964417534
1406,33.13,742,672.5431523309417
1407,33.15,689,671.8053656183811
1408,33.17,695,671.0701425099123
1409,33.19,664,670.3374891288022
1410,33.21,710,669.607411516019
1411,33.23,697,668.8799156294544
1412,33.25,717,668.1550073440203
1413,33.27,704,667.4326924514844
1414,33.29,683,666.7129766603739
1415,33.31,673,665.9958655955388
1416,33.33,687,665.2813647981593
1417,33.35,698,664.5694797256974
1418,33.37,702,663.8602157514015
1419,33.39,688,663.1535781644698
1420,33.41,674,662.4495721696121
1421,33.43,652,661.748202887049
1422,33.45,670,661.0494753525063
1423,33.47,631,660.3533945166519
1424,33.49,643,659.659965245166
1425,33.51,696,658.9691923187502
1426,33.53,667,658.2810804326382
1427,33.55,674,657.5956341967276
1428,33.57,661,656.9128581352352
1429,33.59,680,656.2327566867461
1430,33.61,712,655.5553342037929
1431,33.63,683,654.880594953016
1432,33.65,703,654.2085431147534
1433,33.67,652,653.5391827833228
1434,33.69,644,652.8725179661542
1435,33.71,678,652.2085525845459
1436,33.73,687,651.5472904728322
1437,33.75,676,650.8887353783648
1438,33.77,697,650.232890962161
1439,33.79,691,649.5797607972663
1440,33.81,685,648.9293483701504
1441,33.83,669,648.2816570796631
1442,33.85,687,647.6366902373111
1443,33.87,684,646.9944510670612
1444,33.89,643,646.3549427050839
1445,33.91,692,645.7181681996226
1446,33.93,672,645.0841305111571
1447,33.95,655,644.4528325123392
1448,33.97,672,643.8242769873104
1449,33.99,658,643.1984666320759
1450,34.01,668,642.5754040545044
1451,34.03,665,641.9550917737433
1452,34.05,644,641.3375322206202
1453,34.07,716,640.7227277371503
1454,34.09,650,640.110680576603
1455,34.11,699,639.5013929036832
1456,34.13,716,638.8948667937739
1457,34.15,688,638.2911042335836
1458,34.17,665,637.690107120583
1459,34.19,699,637.0918772630994
1460,34.21,672,636.4964163799905
1461,34.23,688,635.90372610129
1462,34.25,679,635.3138079669552
1463,34.27,616,634.726663428054
1464,34.29,595,634.142293845568
1465,34.31,674,633.5607004912263
1466,34.33,668,632.981884546899
1467,34.35,647,632.4058471045373
1468,34.37,720,631.8325891665772
1469,34.39,631,631.2621116451619
1470,34.41,667,630.6944153629229
1471,34.43,674,630.1295010520471
1472,34.45,683,629.5673693550079
1473,34.47,676,629.008020823766
1474,34.49,692,628.4514559205036
1475,34.51,665,627.8976750167412
1476,34.53,668,627.3466783941512
1477,34.55,681,626.7984662437939
1478,34.57,707,626.2530386666103
1479,34.59,658,625.7103956729643
1480,34.61,714,625.1705371826683
1481,34.63,734,624.6334630252131
1482,34.65,672,624.0991729396183
1483,34.67,638,623.5676665744204
1484,34.69,653,623.038943487305
1485,34.71,699,622.5130031455965
1486,34.73,701,621.9898449260882
1487,34.75,659,621.4694681147466
1488,34.77,727,620.9518719067119
1489,34.79,724,620.4370554068719
1490,34.81,652,619.9250176291553
1491,34.83,689,619.4157574969722
1492,34.85,708,618.9092738427125
1493,34.87,635,618.4055654082713
1494,34.89,686,617.904630844876
1495,34.91,694,617.4064687130231
1496,34.93,741,616.9110774821274
1497,34.95,664,616.4184555313041
1498,34.97,684,615.9286011488739
1499,34.99,654,615.441512532313
1500,35.01,665,614.9571877883973
1501,35.03,650,614.4756249333641
1502,35.05,694,613.9968218925369
1503,35.07,628,613.5207765008572
1504,35.09,621,613.047486502428
1505,35.11,657,612.5769495505856
1506,35.13,635,612.1091632084936
1507,35.15,635,611.644124948747
1508,35.17,632,611.181832152578
1509,35.19,639,610.722282111944
1510,35.21,613,610.265472027223
1511,35.23,645,609.8113990091042
1512,35.25,616,609.3600600774271
1513,35.27,675,608.9114521618794
1514,35.29,637,608.4655721018207
1515,35.31,658,608.0224166462458
1516,35.33,656,607.5819824541213
1517,35.35,617,607.1442660939074
1518,35.37,621,606.7092640444544
1519,35.39,666,606.2769726939632
1520,35.41,619,605.8473883410561
1521,35.43,614,605.4205071941233
1522,35.45,644,604.9963253721435
1523,35.47,624,604.5748389037881
1524,35.49,627,604.1560437280505
1525,35.51,609,603.7399356946271
1526,35.53,643,603.32651056331
1527,35.55,629,602.9157640044468
1528,35.57,629,602.5076915986756
1529,35.59,654,602.1022888379193
1530,35.61,650,601.6995511242394
1531,35.63,629,601.2994737705676
1532,35.65,626,600.9020520012564
1533,35.67,619,600.5072809510357
1534,35.69,654,600.1151556659297
1535,35.71,653,599.7256711032933
1536,35.73,608,599.3388221316918
1537,35.75,603,598.9546035310641
1538,35.77,617,598.5730099927341
1539,35.79,599,598.1940361198076
1540,35.81,594,597.8176764267846
1541,35.83,602,597.4439253405708
1542,35.85,627,597.072777199759
1543,35.87,601,596.704226254461
1544,35.89,652,596.338266667899
1545,35.91,610,595.974892514746
1546,35.93,633,595.614097782598
1547,35.95,650,595.2558763718371
1548,35.97,644,594.9002220948223
1549,35.99,615,594.5471286774955
1550,36.01,581,594.1965897580039
1551,36.03,604,593.8485988883322
1552,36.05,644,593.5031495331978
1553,36.07,556,593.1602350710555
1554,36.09,587,592.8198487936179
1555,36.11,640,592.4819839064639
1556,36.13,613,592.146633529057
1557,36.15,605,591.8137906948377
1558,36.17,632,591.4834483512559
1559,36.19,598,591.1555993602778
1560,36.21,600,590.8302364980736
1561,36.23,629,590.5073524561294
1562,36.25,610,590.1869398399958
1563,36.27,601,589.8689911704969
1564,36.29,560,589.5534988839063
1565,36.31,558,589.2404553316437
1566,36.33,596,588.9298527805176
1567,36.35,571,588.6216834133311
1568,36.37,615,588.3159393288515
1569,36.39,561,588.0126125413008
1570,36.41,630,587.7116949820729
1571,36.43,583,587.4131784986166
1572,36.45,588,587.1170548549035
1573,36.47,589,586.8233157323102
1574,36.49,576,586.5319527289148
1575,36.51,605,586.242957359922
1576,36.53,570,585.9563210586994
1577,36.55,575,585.6720351758231
1578,36.57,630,585.3900909800404
1579,36.59,614,585.1104796578175
1580,36.61,598,584.8331923149217
1581,36.63,586,584.5582199747714
1582,36.65,558,584.2855535800936
1583,36.67,581,584.0151839929013
1584,36.69,622,583.7471019937439
1585,36.71,619,583.4812982832927
1586,36.73,531,583.2177634824266
1587,36.75,610,582.9564881306851
1588,36.77,558,582.6974626892779
1589,36.79,576,582.440677539068
1590,36.81,545,582.1861229820406
1591,36.83,589,581.9337892411022
1592,36.85,587,581.6836664604434
1593,36.87,582,581.4357447057228
1594,36.89,589,581.1900139644322
1595,36.91,570,580.9464641462473
1596,36.93,581,580.7050850830456
1597,36.95,577,580.4658665293582
1598,36.97,556,580.2287981624704
1599,36.99,537,579.9938695830251
1600,37.01,553,579.7610703149685
1601,37.03,613,579.5303898060774
1602,37.05,569,579.3018174280605
1603,37.07,601,579.0753424768582
1604,37.09,585,578.8509541731073
1605,37.11,551,578.6286416622643
1606,37.13,653,578.4083940152095
1607,37.15,603,578.1902002278939
1608,37.17,548,577.9740492222572
1609,37.19,575,577.7599298465457
1610,37.21,573,577.54783087533
1611,37.23,588,577.3377410098074
1612,37.25,559,577.1296488778144
1613,37.27,544,576.923543035643
1614,37.29,591,576.7194119661372
1615,37.31,548,576.5172440807373
1616,37.33,606,576.3170277194367
1617,37.35,539,576.1187511504468
1618,37.37,557,575.9224025711083
1619,37.39,564,575.7279701080788
1620,37.41,538,575.5354418183342
1621,37.43,573,575.3448056878788
1622,37.45,593,575.1560496340899
1623,37.47,596,574.9691615042384
1624,37.49,510,574.7841290770293
1625,37.51,547,574.6009400631165
1626,37.53,548,574.4195821045332
1627,37.55,566,574.2400427751754
1628,37.57,560,574.0623095823767
1629,37.59,558,573.8863699654348
1630,37.61,548,573.7122112976158
1631,37.63,558,573.539820885745
1632,37.65,565,573.3691859704422
1633,37.67,568,573.2002937271282
1634,37.69,601,573.0331312656645
1635,37.71,549,572.8676856317816
1636,37.73,569,572.7039438058837
1637,37.75,567,572.5418927054534
1638,37.77,572,572.3815191833819
1639,37.79,554,572.2228100303437
1640,37.81,584,572.0657519737351
1641,37.83,590,571.9103316782948
1642,37.85,547,571.7565357472395
1643,37.87,545,571.6043507222485
1644,37.89,525,571.4537630839004
1645,37.91,525,571.3047592518969
1646,37.93,588,571.1573255858075
1647,37.95,536,571.0114483853004
1648,37.97,578,570.8671138907439
1649,37.99,537,570.7243082833429
1650,38.01,585,570.5830176864383
1651,38.03,490,570.4432281641912
1652,38.05,583,570.30492572408
1653,38.07,563,570.1680963158587
1654,38.09,505,570.0327258328662
1655,38.11,527,569.8988001122962
1656,38.13,568,569.7663049348503
1657,38.15,575,569.6352260267258
1658,38.17,574,569.5055490586901
1659,38.19,572,569.37725964738
1660,38.21,577,569.2503433553484
1661,38.23,558,569.1247856915033
1662,38.25,525,569.000572112378
1663,38.27,546,568.8776880215582
1664,38.29,602,568.7561187704769
1665,38.31,547,568.635849659523
1666,38.33,587,568.5168659376523
1667,38.35,514,568.3991528037623
1668,38.37,560,568.2826954062475
1669,38.39,590,568.1674788441978
1670,38.41,572,568.053488167553
1671,38.43,542,567.9407083782562
1672,38.45,589,567.829124429556
1673,38.47,574,567.7187212276121
1674,38.49,542,567.6094836318325
1675,38.51,566,567.5013964548634
1676,38.53,539,567.394444463489
1677,38.55,560,567.2886123796316
1678,38.57,559,567.1838848793996
1679,38.59,538,567.0802465953957
1680,38.61,521,566.9776821168498
1681,38.63,522,566.8761759885492
1682,38.65,557,566.7757127139412
1683,38.67,569,566.6762767534256
1684,38.69,536,566.577852526214
1685,38.71,531,566.4804244110665
1686,38.73,536,566.3839767452091
1687,38.75,512,566.2884938271081
1688,38.77,575,566.1939599154139
1689,38.79,596,566.1003592302268
1690,38.81,500,566.0076759535405
1691,38.83,552,565.9158942296826
1692,38.85,548,565.8249981663021
1693,38.87,574,565.7349718343548
1694,38.89,540,565.6457992692876
1695,38.91,545,565.5574644713824
1696,38.93,566,565.4699514062831
1697,38.95,585,565.3832440054075
1698,38.97,539,565.2973261674497
1699,38.99,539,565.2121817577508
1700,39.01,533,565.1277946096689
1701,39.03,554,565.044148525637
1702,39.05,560,564.9612272758777
1703,39.07,544,564.8790146017236
1704,39.09,556,564.7974942145529
1705,39.11,538,564.7166497957651
1706,39.13,530,564.6364649997131
1707,39.15,541,564.5569234519935
1708,39.17,552,564.4780087520803
1709,39.19,566,564.3997044720736
1710,39.21,586,564.3219941592342
1711,39.23,562,564.2448613344859
1712,39.25,534,564.1682894954438
1713,39.27,550,564.0922621151321
1714,39.29,536,564.0167626440671
1715,39.31,547,563.9417745101237
1716,39.33,550,563.8672811185652
1717,39.35,541,563.7932658548189
1718,39.37,534,563.7197120828532
1719,39.39,541,563.6466031476502
1720,39.41,530,563.5739223742748
1721,39.43,562,563.5016530704543
1722,39.45,538,563.4297785252193
1723,39.47,543,563.3582820112752
1724,39.49,530,563.2871467849036
1725,39.51,561,563.2163560871368
1726,39.53,555,563.1458931429188
1727,39.55,558,563.07574116463
1728,39.57,546,563.0058833502926
1729,39.59,532,562.9363028856442
1730,39.61,523,562.8669829441515
1731,39.63,587,562.7979066879861
1732,39.65,559,562.7290572693828
1733,39.67,547,562.660417830225
1734,39.69,550,562.5919715037444
1735,39.71,544,562.5237014145296
1736,39.73,537,562.4555906797914
1737,39.75,575,562.3876224100768
1738,39.77,567,562.3197797099283
1739,39.79,589,562.2520456785096
1740,39.81,525,562.184403410316
1741,39.83,543,562.1168359964568
1742,39.85,549,562.0493265251516
1743,39.87,615,561.9818580819674
1744,39.89,592,561.9144137516832
1745,39.91,580,561.8469766176922
1746,39.93,548,561.779529764518
1747,39.95,553,561.7120562769423
1748,39.97,550,561.6445392415571
1749,39.99,526,561.5769617480009
1750,40.01,541,561.5093068889246
1751,40.03,555,561.4415577610034
1752,40.05,555,561.3736974666799
1753,40.07,561,561.3057091130349
1754,40.09,568,561.2375758147209
1755,40.11,518,561.1692806936653
1756,40.13,541,561.1008068796937
1757,40.15,563,561.0321375122576
1758,40.17,543,560.9632557402792
1759,40.19,556,560.8941447238021
1760,40.21,525,560.8247876344103
1761,40.23,525,560.7551676562944
1762,40.25,580,560.6852679865988
1763,40.27,541,560.6150718368463
1764,40.29,569,560.5445624344457
1765,40.31,518,560.4737230213177
1766,40.33,529,560.4025368569328
1767,40.35,547,560.3309872184636
1768,40.37,512,560.2590574011183
1769,40.39,591,560.1867307205412
1770,40.41,545,560.1139905112941
1771,40.43,555,560.0408201303098
1772,40.45,544,559.9672029559042
1773,40.47,549,559.8931223899917
1774,40.49,553,559.8185618580073
1775,40.51,569,559.7435048095213
1776,40.53,542,559.6679347208355
1777,40.55,536,559.5918350945085
1778,40.57,551,559.5151894604251
1779,40.59,543,559.4379813775267
1780,40.61,561,559.360194433415
1781,40.63,534,559.2818122461358
1782,40.65,512,559.2028184649644
1783,40.67,524,559.1231967720732
1784,40.69,550,559.0429308816947
1785,40.71,554,558.9620045428219
1786,40.73,543,558.8804015390051
1787,40.75,550,558.79810569041
1788,40.77,555,558.7151008535147
1789,40.79,544,558.6313709230453
1790,40.81,552,558.5468998322513
1791,40.83,525,558.4616715544271
1792,40.85,544,558.3756701037892
1793,40.87,553,558.2888795364497
1794,40.89,547,558.2012839508579
1795,40.91,543,558.1128674891243
1796,40.93,543,558.0236143390812
1797,40.95,509,557.9335087332829
1798,40.97,533,557.842534951461
1799,40.99,573,557.7506773211089
1800,41.01,550,557.6579202184848
1801,41.03,574,557.5642480693532
1802,41.05,541,557.4696453508195
1803,41.07,545,557.3740965915322
1804,41.09,532,557.277586372712
1805,41.11,520,557.1800993299466
1806,41.13,499,557.0816201532925
1807,41.15,566,556.9821335892066
1808,41.17,539,556.8816244409591
1809,41.19,557,556.7800775695314
1810,41.21,545,556.6774778958061
1811,41.23,524,556.5738103998992
1812,41.25,508,556.469060123628
1813,41.27,529,556.3632121714318
1814,41.29,478,556.256251710307
1815,41.31,541,556.1481639722124
1816,41.33,570,556.0389342547878
1817,41.35,539,555.9285479215059
1818,41.37,533,555.8169904046563
1819,41.39,564,555.7042472038165
1820,41.41,497,555.5903038900033
1821,41.43,505,555.4751461039532
1822,41.45,527,555.3587595593863
1823,41.47,542,555.2411300426666
1824,41.49,562,555.1222434141546
1825,41.51,544,555.0020856110823
1826,41.53,531,554.8806426451147
1827,41.55,573,554.7579006072656
1828,41.57,525,554.6338456669955
1829,41.59,514,554.508464072781
1830,41.61,543,554.3817421553085
1831,41.63,534,554.253666326832
1832,41.65,536,554.1242230832522
1833,41.67,546,553.9933990050395
1834,41.69,523,553.8611807580601
1835,41.71,530,553.7275550951035
1836,41.73,540,553.5925088571839
1837,41.75,542,553.4560289743076
1838,41.77,536,553.3181024670066
1839,41.79,521,553.1787164469861
1840,41.81,540,553.0378581192163
1841,41.83,553,552.895514781957
1842,41.85,524,552.7516738290942
1843,41.87,548,552.6063227508685
1844,41.89,542,552.4594491343705
1845,41.91,527,552.3110406661099
1846,41.93,545,552.1610851320711
1847,41.95,557,552.009570419571
1848,41.97,509,551.8564845185429
1849,41.99,483,551.7018155217838
1850,42.01,537,551.5455516280699
1851,42.03,544,551.3876811409855
1852,42.05,517,551.2281924723147
1853,42.07,538,551.0670741418035
1854,42.09,526,550.9043147795592
1855,42.11,508,550.7399031260793
1856,42.13,545,550.5738280346714
1857,42.15,537,550.4060784721232
1858,42.17,577,550.2366435198546
1859,42.19,552,550.0655123755732
1860,42.21,501,549.8926743546272
1861,42.23,535,549.7181188902941
1862,42.25,535,549.5418355362945
1863,42.27,515,549.3638139678515
1864,42.29,547,549.1840439819753
1865,42.31,548,549.0025155002004
1866,42.33,540,548.8192185686994
1867,42.35,527,548.6341433609759
1868,42.37,525,548.4472801767861
1869,42.39,532,548.2586194464548
1870,42.41,556,548.0681517299372
1871,42.43,513,547.8758677188589
1872,42.45,544,547.6817582385347
1873,42.47,519,547.4858142478915
1874,42.49,552,547.2880268424824
1875,42.51,570,547.0883872537797
1876,42.53,542,546.8868868528562
1877,42.55,536,546.6835171501998
1878,42.57,552,546.4782697972742
1879,42.59,579,546.2711365881441
1880,42.61,515,546.0621094606549
1881,42.63,528,545.8511804980535
1882,42.65,542,545.6383419303893
1883,42.67,535,545.4235861357865
1884,42.69,556,545.2069056417513
1885,42.71,552,544.9882931255597
1886,42.73,567,544.7677414186346
1887,42.75,510,544.5452435046809
1888,42.77,520,544.3207925226097
1889,42.79,527,544.0943817680572
1890,42.81,495,543.8660046945197
1891,42.83,528,543.6356549146667
1892,42.85,512,543.4033262018911
1893,42.87,523,543.1690124916267
1894,42.89,488,542.9327078831257
1895,42.91,503,542.6944066402802
1896,42.93,515,542.4541031940926
1897,42.95,539,542.2117921430618
1898,42.97,553,541.967468254893
1899,42.99,529,541.7211264687385
1900,43.01,532,541.4727618955012
1901,43.03,534,541.2223698201369
1902,43.05,521,540.9699457028391
1903,43.07,516,540.7154851803461
1904,43.09,521,540.4589840680219
1905,43.11,522,540.2004383607145
1906,43.13,565,539.9398442342372
1907,43.15,541,539.6771980478388
1908,43.17,545,539.4124963442546
1909,43.19,533,539.1457358523039
1910,43.21,522,538.8769134879958
1911,43.23,542,538.6060263562649
1912,43.25,552,538.3330717520203
1913,43.27,524,538.058047162137
1914,43.29,572,537.7809502672844
1915,43.31,553,537.5017789421736
1916,43.33,533,537.2205312589576
1917,43.35,576,536.9372054868454
1918,43.37,563,536.6518000951555
1919,43.39,515,536.3643137544832
1920,43.41,541,536.0747453374897
1921,43.43,527,535.783093921551
1922,43.45,567,535.4893587899032
1923,43.47,515,535.193539432923
1924,43.49,507,534.8956355505206
1925,43.51,537,534.5956470521196
1926,43.53,558,534.293574060287
1927,43.55,502,533.9894169114241
1928,43.57,480,533.68317615657
1929,43.59,525,533.3748525645824
1930,43.61,499,533.0644471222877
1931,43.63,494,532.7519610366871
1932,43.65,550,532.4373957377529
1933,43.67,537,532.1207528775403
1934,43.69,503,531.8020343340331
1935,43.71,515,531.4812422117566
1936,43.73,525,531.1583788440748
1937,43.75,498,530.8334467939103
1938,43.77,515,530.5064488557682
1939,43.79,505,530.1773880581204
1940,43.81,559,529.8462676642412
1941,43.83,527,529.5130911740489
1942,43.85,486,529.1778623259997
1943,43.87,521,528.840585098561
1944,43.89,546,528.5012637119635
1945,43.91,478,528.159902630031
1946,43.93,508,527.8165065615112
1947,43.95,522,527.4710804625938
1948,43.97,517,527.1236295370245
1949,43.99,537,526.774159239837
1950,44.01,520,526.4226752773702
1951,44.03,560,526.0691836107599
1952,44.05,506,525.713690454817
1953,44.07,570,525.3562022834967
1954,44.09,507,524.9967258281367
1955,44.11,520,524.6352680818663
1956,44.13,494,524.2718362995665
1957,44.15,536,523.9064380005384
1958,44.17,491,523.5390809700884
1959,44.19,435,523.1697732608955
1960,44.21,521,522.7985231955754
1961,44.23,518,522.4253393678637
1962,44.25,484,522.0502306447188
1963,44.27,520,521.6732061673911
1964,44.29,500,521.2942753539237
1965,44.31,533,520.9134479009181
1966,44.33,526,520.5307337853164
1967,44.35,511,520.1461432662663
1968,44.37,537,519.7596868859591
1969,44.39,515,519.3713754726423
1970,44.41,528,518.9812201423192
1971,44.43,498,518.58923230031
1972,44.45,490,518.1954236425026
1973,44.47,559,517.7998061584049
1974,44.49,522,517.4023921318421
1975,44.51,536,517.0031941436118
1976,44.53,533,516.6022250730321
1977,44.55,498,516.1994980996406
1978,44.57,517,515.795026705845
1979,44.59,558,515.3888246767947
1980,44.61,486,514.9809061051928
1981,44.63,540,514.5712853911018
1982,44.65,541,514.1599772437639
1983,44.67,482,513.7469966849094
1984,44.69,508,513.3323590491409
1985,44.71,495,512.9160799873534
1986,44.73,530,512.498175467219
1987,44.75,511,512.078661775844
1988,44.77,507,511.65755552142673
1989,44.79,500,511.23487363552795
1990,44.81,522,510.8106333745418
1991,44.83,492,510.38485232250605
1992,44.85,533,509.9575483915223
1993,44.87,515,509.5287398253913
1994,44.89,512,509.09844519966555
1995,44.91,512,508.6666834259622
1996,44.93,532,508.2334737521087
1997,44.95,527,507.79883576481916
1998,44.97,531,507.3627893911553
1999,44.99,513,506.9253549012583
2000,45.01,498,506.48655290970055
2001,45.03,507,506.04640437818034
2002,45.05,485,505.6049306161867
2003,45.07,452,505.16215328498674
2004,45.09,512,504.71809439757453
2005,45.11,524,504.2727763223529
2006,45.13,518,503.82622178421843
2007,45.15,522,503.3784538660975
2008,45.17,530,502.92949601311375
2009,45.19,511,502.47937203187485
2010,45.21,489,502.0281060942998
2011,45.23,504,501.5757227397671
2012,45.25,471,501.1222468755368
2013,45.27,530,500.6677037805912
2014,45.29,535,500.2121191069491
2015,45.31,508,499.75551888140853
2016,45.33,530,499.2979295081659
2017,45.35,501,498.8393777710171
2018,45.37,497,498.3798908343806
2019,45.39,511,497.91949624696645
2020,45.41,483,497.45822194223365
2021,45.43,504,496.9960962421974
2022,45.45,537,496.53314785823477
2023,45.47,495,496.0694058926574
2024,45.49,501,495.60489984377637
2025,45.51,513,495.1396596041577
2026,45.53,515,494.67371546597406
2027,45.55,505,494.20709812091354
2028,45.57,520,493.7398386636223
2029,45.59,511,493.27196859318246
2030,45.61,520,492.8035198157504
2031,45.63,514,492.33452464628226
2032,45.65,525,491.86501581122775
2033,45.67,526,491.39502645016455
2034,45.69,543,490.92459011767096
2035,45.71,500,490.45374078684745
2036,45.73,515,489.9825128502098
2037,45.75,477,489.5109411227995
2038,45.77,487,489.0390608432126
2039,45.79,462,488.5669076769691
2040,45.81,534,488.09451771847216
2041,45.83,504,487.6219274924197
2042,45.85,492,487.14917395738485
2043,45.87,502,486.67629450641834
2044,45.89,484,486.2033269705653
2045,45.91,468,485.7303096213227
2046,45.93,545,485.257281171499
2047,45.95,512,484.7842807782681
2048,45.97,482,484.3113480456941
2049,45.99,461,483.8385230261956
2050,46.01,485,483.3658462237645
2051,46.03,485,482.8933585958903
2052,46.05,532,482.4211015551091
2053,46.07,477,481.94911697251064
2054,46.09,487,481.4774471789997
2055,46.11,471,481.0061349684138
2056,46.13,492,480.53522359886665
2057,46.15,486,480.0647567965252
2058,46.17,473,479.59477875554967
2059,46.19,488,479.1253341437532
2060,46.21,483,478.656468101678
2061,46.23,462,478.1882262468025
2062,46.25,485,477.72065467493303
2063,46.27,515,477.25379996397896
2064,46.29,461,476.78770917426937
2065,46.31,502,476.32242985302764
2066,46.33,487,475.8580100342115
2067,46.35,486,475.39449824423264
2068,46.37,466,474.93194350039994
2069,46.39,506,474.4703953165481
2070,46.41,453,474.0099037047685
2071,46.43,490,473.55051917572746
2072,46.45,514,473.09229274368863
2073,46.47,494,472.6352759270367
2074,46.49,491,472.1795207525065
2075,46.51,492,471.7250797557517
2076,46.53,467,471.2720059844105
2077,46.55,512,470.8203530012761
2078,46.57,487,470.37017488579295
2079,46.59,428,469.9215262368007
2080,46.61,514,469.47446217561264
2081,46.63,477,469.0290383470465
2082,46.65,495,468.58531092332396
2083,46.67,480,468.1433366053625
2084,46.69,497,467.70317262614117
2085,46.71,454,467.26487675327644
2086,46.73,445,466.82850729016354
2087,46.75,458,466.39412308032024
2088,46.77,513,465.96178350778064
2089,46.79,431,465.53154850169994
2090,46.81,491,465.1034785378679
2091,46.83,465,464.677634640605
2092,46.85,473,464.2540783863551
2093,46.87,489,463.8328719055062
2094,46.89,459,463.41407788581
2095,46.91,471,462.99775957419297
2096,46.93,469,462.5839807781058
2097,46.95,458,462.17280587122605
2098,46.97,470,461.7642997929561
2099,46.99,459,461.35852805212835
2100,47.01,471,460.95555673153194
2101,47.03,498,460.5554524857589
2102,47.05,460,460.1582825480273
2103,47.07,500,459.7641147317154
2104,47.09,464,459.373017432119
2105,47.11,461,458.985059629219
2106,47.13,508,458.6003108910045
2107,47.15,449,458.21884137572124
2108,47.17,513,457.8407218340626
2109,47.19,482,457.466023611988
2110,47.21,494,457.09481865493217
2111,47.23,441,456.7271795067418
2112,47.25,495,456.36317931656777
2113,47.27,514,456.0028918383041
2114,47.29,437,455.64639143520526
2115,47.31,499,455.29375308136696
2116,47.33,473,454.94505236479745
2117,47.35,493,454.6003654910919
2118,47.37,448,454.25976928333966
2119,47.39,495,453.9233411883124
2120,47.41,461,453.59115927678613
2121,47.43,479,453.26330224683807
2122,47.45,471,452.93984942600764
2123,47.47,445,452.6208807765779
2124,47.49,481,452.30647689437683
2125,47.51,462,451.99671901392685
2126,47.53,486,451.69168901130524
2127,47.55,483,451.3914694051455
2128,47.57,478,451.0961433619923
2129,47.59,474,450.8057946968647
2130,47.61,467,450.5205078757672
2131,47.63,466,450.24036802093633
2132,47.65,471,449.96546091031996
2133,47.67,459,449.6958729842372
2134,47.69,500,449.43169134476284
2135,47.71,454,449.17300375845844
2136,47.73,456,448.9198986637275
2137,47.75,412,448.6724651668901
2138,47.77,483,448.43079305023
2139,47.79,490,448.19497277334995
2140,47.81,457,447.96509547430014
2141,47.83,485,447.74125297516184
2142,47.85,469,447.5235377821191
2143,47.87,414,447.3120430903764
2144,47.89,471,447.10686278628054
2145,47.91,481,446.90809144991454
2146,47.93,463,446.71582435850723
2147,47.95,489,446.53015748796406
2148,47.97,478,446.3511875179365
2149,47.99,469,446.1790118331746
2150,48.01,460,446.0137285267183
2151,48.03,463,445.85543640227297
2152,48.05,479,445.704234977964
2153,48.07,457,445.5602244889187
2154,48.09,472,445.42350589063426
2155,48.11,444,445.2941808599844
2156,48.13,462,445.1723518015842
2157,48.15,492,445.0581218468951
2158,48.17,447,444.95159485982003
2159,48.19,418,444.85287543864433
2160,48.21,439,444.7620689186833
2161,48.23,454,444.67928137694435
2162,48.25,462,444.6046196312309
2163,48.27,454,444.5381912484372
2164,48.29,466,444.4801045439808
2165,48.31,464,444.43046858381695
2166,48.33,454,444.38939319182737
2167,48.35,433,444.35698894824964
2168,48.37,473,444.33336719448926
2169,48.39,454,444.3186400377017
2170,48.41,477,444.31292035096794
2171,48.43,480,444.3163217786032
2172,48.45,477,444.3289587363479
2173,48.47,430,444.35094641889555
2174,48.49,473,444.38240079869684
2175,48.51,439,444.42343863085443
2176,48.53,437,444.47417745557595
2177,48.55,425,444.5347356021848
2178,48.57,446,444.6052321910174
2179,48.59,463,444.6857871381899
2180,48.61,454,444.7765211553324
2181,48.63,448,444.87755575726715
2182,48.65,448,444.98901326119267
2183,48.67,467,445.1110167918159
2184,48.69,424,445.24369028369983
2185,48.71,487,445.3871584848812
2186,48.73,475,445.54154695899706
2187,48.75,431,445.706982090127
2188,48.77,417,445.8835910842399
2189,48.79,435,446.071501972473
2190,48.81,449,446.27084361651487
2191,48.83,439,446.48174570820174
2192,48.85,475,446.70433877520645
2193,48.87,478,446.9387541837614
2194,48.89,461,447.18512414140787
2195,48.91,477,447.44358170003215
2196,48.93,404,447.71426075917316
2197,48.95,402,447.9972960702398
2198,48.97,446,448.29282323762345
2199,48.99,464,448.6009787246776
2200,49.01,483,448.9218998538663
2201,49.03,442,449.25572481183735
2202,49.05,475,449.60259265306286
2203,49.07,487,449.96264330158647
2204,49.09,474,450.3360175546659
2205,49.11,449,450.7228570873467
2206,49.13,427,451.1233044537621
2207,49.15,436,451.53750309151474
2208,49.17,444,451.96559732554033
2209,49.19,452,452.4077323686588
2210,49.21,430,452.864054328812
2211,49.23,477,453.33471020923116
2212,49.25,409,453.81984791243576
2213,49.27,454,454.31961624528594
2214,49.29,445,454.83416491935986
2215,49.31,474,455.3636445566817
2216,49.33,430,455.9082066918236
2217,49.35,441,456.46800377526324
2218,49.37,467,457.04318917821456
2219,49.39,424,457.63391719276024
2220,49.41,447,458.2403430392242
2221,49.43,409,458.8626228655876
2222,49.45,425,459.50091375423835
2223,49.47,490,460.1553737237209
2224,49.49,408,460.82616173106453
2225,49.51,433,461.5134376774422
2226,49.53,440,462.21736240980863
2227,49.55,455,462.93809772510576
2228,49.57,409,463.6758063739944
2229,49.59,474,464.43065206256415
2230,49.61,450,465.2027994589598
2231,49.63,422,465.9924141920328
2232,49.65,439,466.7996628596529
2233,49.67,424,467.6247130291795
2234,49.69,420,468.46773324174774
2235,49.71,402,469.3288930159506
2236,49.73,452,470.2083628506234
2237,49.75,476,471.10631422863844
2238,49.77,441,472.0229196212422
2239,49.79,463,472.9583524903155
2240,49.81,426,473.91278729153055
2241,49.83,448,474.88639947988395
2242,49.85,427,475.87936551067196
2243,49.87,438,476.8918628459869
2244,49.89,443,477.92406995366764
2245,49.91,409,478.97616631657456
2246,49.93,428,480.0483324308025
2247,49.95,454,481.1407498129138
2248,49.97,434,482.2536010022859
2249,49.99,444,483.3870695633923
