,x,y,y_pred
0,5.01,1493,1536.0902454316988
1,5.03,1506,1535.0555171852807
2,5.05,1540,1533.9966514361818
3,5.07,1499,1532.9139181836485
4,5.09,1531,1531.8075860176455
5,5.11,1553,1530.6779221231714
6,5.13,1512,1529.525192284562
7,5.15,1465,1528.3496608897951
8,5.17,1468,1527.1515909347745
9,5.19,1531,1525.9312440276208
10,5.21,1500,1524.6888803929435
11,5.23,1547,1523.4247588761102
12,5.25,1535,1522.1391369475107
13,5.27,1580,1520.8322707068057
14,5.29,1496,1519.5044148871773
15,5.31,1562,1518.1558228595657
16,5.33,1481,1516.7867466369
17,5.35,1474,1515.3974368783222
18,5.37,1553,1513.9881428934025
19,5.39,1483,1512.5591126463485
20,5.41,1459,1511.1105927602055
21,5.43,1531,1509.6428285210504
22,5.45,1449,1508.156063882177
23,5.47,1536,1506.650541468276
24,5.49,1447,1505.1265025796017
25,5.51,1512,1503.584187196141
26,5.53,1546,1502.023833981766
27,5.55,1470,1500.4456802883826
28,5.57,1466,1498.849962160072
29,5.59,1512,1497.2369143372262
30,5.61,1498,1495.6067702606697
31,5.63,1449,1493.9597620757816
32,5.65,1446,1492.2961206366072
33,5.67,1556,1490.616075509958
34,5.69,1486,1488.9198549795121
35,5.71,1465,1487.2076860499021
36,5.73,1410,1485.4797944507952
37,5.75,1526,1483.7364046409666
38,5.77,1537,1481.9777398123713
39,5.79,1454,1480.2040218941963
40,5.81,1437,1478.415471556919
41,5.83,1568,1476.6123082163458
42,5.85,1524,1474.7947500376554
43,5.87,1548,1472.963013939422
44,5.89,1501,1471.1173155976437
45,5.91,1478,1469.2578694497543
46,5.93,1435,1467.3848886986307
47,5.95,1502,1465.4985853165942
48,5.97,1517,1463.5991700494044
49,5.99,1420,1461.686852420243
50,6.01,1489,1459.7618407336922
51,6.03,1450,1457.824342079709
52,6.05,1476,1455.8745623375837
53,6.07,1454,1453.9127061798993
54,6.09,1519,1451.9389770764815
55,6.11,1505,1449.9535772983374
56,6.13,1408,1447.9567079215922
57,6.15,1493,1445.948568831416
58,6.17,1488,1443.9293587259433
59,6.19,1423,1441.8992751201847
60,6.21,1460,1439.858514349936
61,6.23,1479,1437.8072715756714
62,6.25,1472,1435.7457407864342
63,6.27,1436,1433.674114803728
64,6.29,1445,1431.5925852853834
65,6.31,1400,1429.5013427294323
66,6.33,1377,1427.4005764779688
67,6.35,1452,1425.2904747210052
68,6.37,1537,1423.1712245003146
69,6.39,1437,1421.043011713276
70,6.41,1415,1418.9060211167068
71,6.43,1429,1416.7604363306857
72,6.45,1446,1414.6064398423737
73,6.47,1403,1412.4442130098225
74,6.49,1468,1410.2739360657847
75,6.51,1414,1408.0957881215027
76,6.53,1342,1405.9099471705058
77,6.55,1418,1403.7165900923876
78,6.57,1331,1401.5158926565848
79,6.59,1437,1399.3080295261434
80,6.61,1437,1397.093174261483
81,6.63,1440,1394.8714993241454
82,6.65,1388,1392.6431760805474
83,6.67,1424,1390.4083748057167
84,6.69,1444,1388.1672646870238
85,6.71,1424,1385.9200138279148
86,6.73,1440,1383.6667892516184
87,6.75,1427,1381.4077569048668
88,6.77,1373,1379.1430816615957
89,6.79,1375,1376.8729273266422
90,6.81,1378,1374.5974566394343
91,6.83,1337,1372.3168312776738
92,6.85,1362,1370.0312118610123
93,6.87,1407,1367.7407579547214
94,6.89,1311,1365.4456280733518
95,6.91,1386,1363.145979684391
96,6.93,1388,1360.8419692119076
97,6.95,1319,1358.5337520401945
98,6.97,1377,1356.2214825174008
99,6.99,1391,1353.9053139591601
100,7.01,1379,1351.585398652207
101,7.03,1401,1349.2618878579933
102,7.05,1407,1346.9349318162876
103,7.07,1357,1344.604679748782
104,7.09,1308,1342.2712798626774
105,7.11,1314,1339.9348793542667
106,7.13,1307,1337.59562441252
107,7.15,1292,1335.2536602226448
108,7.17,1296,1332.9091309696585
109,7.19,1333,1330.5621798419381
110,7.21,1404,1328.212949034775
111,7.23,1334,1325.8615797539135
112,7.25,1314,1323.5082122190897
113,7.27,1286,1321.1529856675534
114,7.29,1359,1318.7960383576005
115,7.31,1275,1316.4375075720807
116,7.33,1322,1314.0775296219028
117,7.35,1366,1311.716239849545
118,7.37,1299,1309.3537726325387
119,7.39,1289,1306.9902613869624
120,7.41,1295,1304.6258385709177
121,7.43,1302,1302.2606356880071
122,7.45,1342,1299.8947832907943
123,7.47,1253,1297.5284109842698
124,7.49,1356,1295.1616474292982
125,7.51,1306,1292.7946203460676
126,7.53,1262,1290.4274565175258
127,7.55,1325,1288.0602817928166
128,7.57,1274,1285.6932210906975
129,7.59,1266,1283.3263984029684
130,7.61,1230,1280.9599367978683
131,7.63,1317,1278.5939584234968
132,7.65,1204,1276.2285845111974
133,7.67,1291,1273.8639353789588
134,7.69,1249,1271.5001304347898
135,7.71,1321,1269.137288180107
136,7.73,1283,1266.775526213095
137,7.75,1302,1264.414961232077
138,7.77,1294,1262.055709038868
139,7.79,1202,1259.6978845421254
140,7.81,1255,1257.3416017606978
141,7.83,1234,1254.9869738269497
142,7.85,1217,1252.6341129901014
143,7.87,1224,1250.2831306195503
144,7.89,1213,1247.9341372081801
145,7.91,1294,1245.5872423756828
146,7.93,1232,1243.242554871847
147,7.95,1254,1240.9001825798657
148,7.97,1173,1238.5602325196194
149,7.99,1193,1236.2228108509573
150,8.01,1261,1233.8880228769808
151,8.03,1173,1231.5559730473008
152,8.05,1198,1229.2267649613098
153,8.07,1155,1226.900501371434
154,8.09,1203,1224.5772841863838
155,8.11,1232,1222.2572144743906
156,8.13,1239,1219.940392466449
157,8.15,1207,1217.6269175595403
158,8.17,1206,1215.3168883198603
159,8.19,1179,1213.010402486029
160,8.21,1164,1210.7075569722995
161,8.23,1174,1208.4084478717693
162,8.25,1251,1206.1131704595643
163,8.27,1158,1203.8218191960334
164,8.29,1170,1201.5344877299267
165,8.31,1225,1199.2512689015803
166,8.33,1147,1196.9722547460708
167,8.35,1196,1194.6975364963944
168,8.37,1186,1192.427204586605
169,8.39,1125,1190.1613486549795
170,8.41,1119,1187.9000575471478
171,8.43,1185,1185.6434193192374
172,8.45,1212,1183.3915212409954
173,8.47,1166,1181.1444497989164
174,8.49,1145,1178.9022906993596
175,8.51,1225,1176.665128871653
176,8.53,1146,1174.433048471196
177,8.55,1151,1172.2061328825655
178,8.57,1188,1169.9844647225968
179,8.59,1207,1167.768125843464
180,8.61,1096,1165.5571973357717
181,8.63,1104,1163.351759531604
182,8.65,1107,1161.1518920076112
183,8.67,1116,1158.957673588045
184,8.69,1112,1156.7691823478272
185,8.71,1089,1154.5864956155845
186,8.73,1136,1152.4096899766841
187,8.75,1177,1150.2388412762707
188,8.77,1127,1148.074024622291
189,8.79,1144,1145.9153143885067
190,8.81,1235,1143.7627842175084
191,8.83,1154,1141.616507023727
192,8.85,1087,1139.4765549964172
193,8.87,1149,1137.3429996026707
194,8.89,1090,1135.2159115903821
195,8.91,1112,1133.0953609912422
196,8.93,1139,1130.9814171236972
197,8.95,1082,1128.8741485959354
198,8.97,1069,1126.7736233088242
199,8.99,1136,1124.6799084588804
200,9.01,1047,1122.5930705412104
201,9.03,1084,1120.51317535245
202,9.05,1098,1118.4402879937045
203,9.07,1074,1116.374472873469
204,9.09,1091,1114.315793710556
205,9.11,1128,1112.2643135370051
206,9.13,1151,1110.2200947009976
207,9.15,1095,1108.1831988697554
208,9.17,1151,1106.1536870324392
209,9.19,1070,1104.1316195030313
210,9.21,1035,1102.117055923229
211,9.23,1036,1100.1100552653156
212,9.25,1096,1098.1106758350302
213,9.27,1019,1096.1189752744326
214,9.29,1040,1094.1350105647666
215,9.31,1116,1092.1588380293003
216,9.33,1148,1090.190513336182
217,9.35,1101,1088.2300915012765
218,9.37,1091,1086.2776268909888
219,9.39,1141,1084.3331732251072
220,9.41,1071,1082.3967835796077
221,9.43,1084,1080.4685103894728
222,9.45,1076,1078.5484054515023
223,9.47,1076,1076.6365199271102
224,9.49,1074,1074.7329043451234
225,9.51,1058,1072.8376086045612
226,9.53,1067,1070.9506819774333
227,9.55,1069,1069.0721731115
228,9.57,1064,1067.2021300330505
229,9.59,1029,1065.3406001496617
230,9.61,1025,1063.4876302529647
231,9.63,1022,1061.6432665213827
232,9.65,1030,1059.8075545228812
233,9.67,1086,1057.9805392177177
234,9.69,1088,1056.16226496115
235,9.71,1036,1054.3527755061891
236,9.73,1050,1052.5521140062997
237,9.75,998,1050.7603230181182
238,9.77,1045,1048.9774445041696
239,9.79,1023,1047.2035198355563
240,9.81,1089,1045.43858979466
241,9.83,1035,1043.682694577829
242,9.85,1066,1041.935873798063
243,9.87,1020,1040.1981664876837
244,9.89,1099,1038.4696111010207
245,9.91,1007,1036.7502455170547
246,9.93,1040,1035.0401070420846
247,9.95,1008,1033.339232412387
248,9.97,994,1031.6476577968565
249,9.99,1058,1029.965418799639
250,10.01,1026,1028.2925504627774
251,10.03,1023,1026.629087268828
252,10.05,1008,1024.975063143489
253,10.07,1018,1023.3305114582149
254,10.09,1014,1021.6954650328263
255,10.11,1048,1020.0699561381059
256,10.13,969,1018.4540164984036
257,10.15,985,1016.8476772942294
258,10.17,1084,1015.2509691648287
259,10.19,990,1013.6639222107679
260,10.21,999,1012.0865659965062
261,10.23,1060,1010.5189295529666
262,10.25,1041,1008.9610413800807
263,10.27,1042,1007.4129294493617
264,10.29,952,1005.8746212064473
265,10.31,1020,1004.3461435736424
266,10.33,1040,1002.8275229524434
267,10.35,1026,1001.3187852260902
268,10.37,1024,999.8199557620775
269,10.39,1029,998.331059414672
270,10.41,979,996.8521205274335
271,10.43,1004,995.3831629357169
272,10.45,975,993.9242099691676
273,10.47,929,992.4752844542247
274,10.49,988,991.0364087166066
275,10.51,985,989.6076045837891
276,10.53,1022,988.1888933874912
277,10.55,952,986.7802959661361
278,10.57,977,985.3818326673229
279,10.59,983,983.9935233502831
280,10.61,929,982.6153873883344
281,10.63,989,981.2474436713198
282,10.65,910,979.8897106080611
283,10.67,952,978.542206128792
284,10.69,996,977.2049476875733
285,10.71,962,975.8779522647341
286,10.73,1008,974.5612363692783
287,10.75,991,973.254816041304
288,10.77,978,971.9587068543948
289,10.79,963,970.6729239180389
290,10.81,910,969.3974818800024
291,10.83,1003,968.1323949287415
292,10.85,1004,966.87767679576
293,10.87,950,965.6333407579983
294,10.89,940,964.3993996402073
295,10.91,972,963.1758658173005
296,10.93,902,961.9627512167228
297,10.95,957,960.7600673208
298,10.97,949,959.5678251690907
299,10.99,916,958.3860353607101
300,11.01,922,957.2147080566934
301,11.03,946,956.0538529822974
302,11.05,989,954.9034794293486
303,11.07,951,953.7635962585382
304,11.09,923,952.6342119017494
305,11.11,978,951.5153343643626
306,11.13,967,950.4069712275483
307,11.15,952,949.3091296505745
308,11.17,972,948.2218163730797
309,11.19,1014,947.1450377173692
310,11.21,944,946.0787995906832
311,11.23,889,945.0231074874823
312,11.25,942,943.9779664916955
313,11.27,936,942.9433812789906
314,11.29,896,941.9193561190327
315,11.31,964,940.9058948777259
316,11.33,902,939.9030010194566
317,11.35,966,938.9106776093302
318,11.37,968,937.9289273154161
319,11.39,954,936.9577524109475
320,11.41,919,935.99715477657
321,11.43,924,935.0471359025348
322,11.45,875,934.1076968909241
323,11.47,956,933.1788384578382
324,11.49,917,932.2605609356027
325,11.51,934,931.352864274966
326,11.53,907,930.4557480472663
327,11.55,963,929.5692114466397
328,11.57,917,928.6932532921612
329,11.59,961,927.8278720300475
330,11.61,959,926.9730657357981
331,11.63,876,926.1288321163607
332,11.65,971,925.2951685122857
333,11.67,899,924.4720718998751
334,11.69,956,923.6595388933063
335,11.71,973,922.8575657467965
336,11.73,926,922.0661483567063
337,11.75,898,921.2852822636777
338,11.77,956,920.5149626547542
339,11.79,953,919.7551843654775
340,11.81,908,919.0059418820238
341,11.83,970,918.2672293432768
342,11.85,898,917.539040542938
343,11.87,994,916.8213689316237
344,11.89,928,916.1142076189346
345,11.91,945,915.4175493755496
346,11.93,927,914.731386635291
347,11.95,918,914.055711497202
348,11.97,874,913.3905157275941
349,11.99,951,912.7357907621247
350,12.01,990,912.0915277078402
351,12.03,893,911.4577173452114
352,12.05,938,910.8343501302021
353,12.07,921,910.2214161962766
354,12.09,961,909.6189053564437
355,12.11,959,909.0268071052853
356,12.13,925,908.4451106209572
357,12.15,914,907.8738047672302
358,12.17,957,907.3128780954682
359,12.19,974,906.762318846659
360,12.21,936,906.2221149533966
361,12.23,901,905.6922540418728
362,12.25,919,905.1727234338617
363,12.27,943,904.6635101487163
364,12.29,939,904.1646009053203
365,12.31,954,903.6759821240894
366,12.33,965,903.1976399289019
367,12.35,892,902.7295601490749
368,12.37,889,902.2717283213277
369,12.39,889,901.8241296917047
370,12.41,956,901.3867492175501
371,12.43,909,900.9595715694246
372,12.45,927,900.5425811330399
373,12.47,946,900.1357620111806
374,12.49,929,899.739098025656
375,12.51,942,899.3525727191641
376,12.53,912,898.9761693572644
377,12.55,945,898.609870930227
378,12.57,901,898.2536601549672
379,12.59,950,897.9075194769309
380,12.61,892,897.5714310719778
381,12.63,930,897.2453768482881
382,12.65,930,896.9293384482014
383,12.67,956,896.6232972501352
384,12.69,928,896.3272343704167
385,12.71,922,896.041130665161
386,12.73,864,895.7649667321443
387,12.75,894,895.4987229126264
388,12.77,902,895.2423792932152
389,12.79,896,894.9959157077113
390,12.81,897,894.7593117389224
391,12.83,903,894.5325467205363
392,12.85,925,894.3155997388984
393,12.87,920,894.1084496348653
394,12.89,915,893.9110750056074
395,12.91,864,893.7234542064296
396,12.93,938,893.545565352557
397,12.95,929,893.3773863209566
398,12.97,850,893.218894752121
399,12.99,868,893.0700680518493
400,13.01,921,892.9308833930579
401,13.03,896,892.8013177175237
402,13.05,937,892.6813477376928
403,13.07,918,892.5709499384141
404,13.09,918,892.4701005787344
405,13.11,895,892.3787756936517
406,13.13,897,892.2969510958354
407,13.15,940,892.2246023774178
408,13.17,929,892.1617049117134
409,13.19,930,892.1082338549567
410,13.21,850,892.064164148035
411,13.23,908,892.0294705182387
412,13.25,884,892.0041274809352
413,13.27,917,891.9881093413437
414,13.29,865,891.9813901961885
415,13.31,852,891.9839439354595
416,13.33,915,891.9957442440777
417,13.35,930,892.0167646036032
418,13.37,923,892.0469782939186
419,13.39,934,892.0863583949535
420,13.41,916,892.1348777882997
421,13.43,896,892.1925091589326
422,13.45,915,892.2592249968942
423,13.47,947,892.3349975989084
424,13.49,863,892.4197990700835
425,13.51,915,892.5136013255601
426,13.53,935,892.6163760921507
427,13.55,911,892.7280949099903
428,13.57,885,892.8487291341854
429,13.59,917,892.9782499364354
430,13.61,855,893.1166283066743
431,13.63,885,893.2638350546916
432,13.65,925,893.4198408117556
433,13.67,922,893.5846160322304
434,13.69,880,893.7581309951744
435,13.71,950,893.940355805955
436,13.73,892,894.1312603978641
437,13.75,920,894.330814533675
438,13.77,886,894.5389878072752
439,13.79,914,894.7557496452218
440,13.81,914,894.9810693083413
441,13.83,923,895.2149158932996
442,13.85,897,895.4572583341538
443,13.87,906,895.7080654039498
444,13.89,911,895.9673057162672
445,13.91,960,896.2349477267672
446,13.93,877,896.5109597347573
447,13.95,886,896.7953098847385
448,13.97,963,897.0879661679286
449,13.99,868,897.3888964238162
450,14.01,904,897.6980683416888
451,14.03,899,898.0154494621406
452,14.05,915,898.3410071786395
453,14.07,963,898.6747087389673
454,14.09,972,899.0165212468253
455,14.11,917,899.3664116632661
456,14.13,932,899.7243468082283
457,14.15,973,900.0902933620337
458,14.17,889,900.4642178668681
459,14.19,921,900.8460867282639
460,14.21,863,901.2358662166188
461,14.23,858,901.6335224686277
462,14.25,869,902.0390214887748
463,14.27,902,902.4523291508222
464,14.29,915,902.8734111992328
465,14.31,936,903.3022332506465
466,14.33,951,903.7387607953629
467,14.35,927,904.1829591987218
468,14.37,823,904.6347937026397
469,14.39,992,905.0942294269491
470,14.41,921,905.5612313709229
471,14.43,898,906.0357644146285
472,14.45,919,906.5177933203965
473,14.47,908,907.0072827342427
474,14.49,902,907.5041971872688
475,14.51,946,908.0085010970681
476,14.53,921,908.5201587691378
477,14.55,923,909.0391343982949
478,14.57,948,909.5653920700291
479,14.59,876,910.098895761957
480,14.61,879,910.639609345163
481,14.63,960,911.1874965855933
482,14.65,906,911.7425211454195
483,14.67,979,912.3046465844465
484,14.69,908,912.8738363614578
485,14.71,931,913.4500538355727
486,14.73,897,914.033262267611
487,14.75,919,914.6234248214449
488,14.77,929,915.2205045653861
489,14.79,900,915.8244644734341
490,14.81,956,916.4352674267303
491,14.83,890,917.0528762148379
492,14.85,946,917.6772535370237
493,14.87,946,918.3083620036995
494,14.89,917,918.946164137646
495,14.91,974,919.5906223753699
496,14.93,886,920.2416990684054
497,14.95,856,920.8993564846262
498,14.97,857,921.5635568095473
499,14.99,964,922.2342621476311
500,15.01,934,922.9114345235457
501,15.03,944,923.5950358835173
502,15.05,924,924.2850280965556
503,15.07,959,924.9813729557538
504,15.09,933,925.684032179582
505,15.11,956,926.3929674131232
506,15.13,957,927.1081402293587
507,15.15,924,927.8295121304511
508,15.17,906,928.557044548953
509,15.19,941,929.2906988490812
510,15.21,932,930.0304363279976
511,15.23,926,930.7762182170031
512,15.25,899,931.528005682784
513,15.27,944,932.2857598286813
514,15.29,956,933.0494416958903
515,15.31,898,933.8190122646935
516,15.33,944,934.5944324556604
517,15.35,828,935.3756631309113
518,15.37,905,936.1626650952758
519,15.39,969,936.9553990975639
520,15.41,941,937.7538258316853
521,15.43,881,938.557905937893
522,15.45,928,939.3676000040408
523,15.47,930,940.1828685666208
524,15.49,890,941.00367211209
525,15.51,983,941.829971077978
526,15.53,950,942.6617258540857
527,15.55,899,943.4988967836517
528,15.57,928,944.3414441645084
529,15.59,954,945.189328250266
530,15.61,900,946.0425092514644
531,15.63,978,946.9009473367179
532,15.65,970,947.764602633846
533,15.67,911,948.6334352310696
534,15.69,920,949.5074051781252
535,15.71,913,950.3864724873819
536,15.73,956,951.2705971349881
537,15.75,955,952.159739062023
538,15.77,870,953.0538581755804
539,15.79,928,953.9529143498925
540,15.81,921,954.8568674274811
541,15.83,934,955.7656772202382
542,15.85,901,956.6793035105126
543,15.87,936,957.5977060522536
544,15.89,956,958.5208445720847
545,15.91,960,959.4486787703975
546,15.93,926,960.3811683224492
547,15.95,1004,961.3182728794089
548,15.97,883,962.2599520695145
549,15.99,969,963.206165499049
550,16.01,935,964.1568727535076
551,16.03,954,965.1120333985979
552,16.05,963,966.071606981331
553,16.07,1030,967.0355530310401
554,16.09,965,968.0038310605277
555,16.11,963,968.976400567006
556,16.13,960,969.9532210331867
557,16.15,1032,970.934251928364
558,16.17,928,971.9194527093662
559,16.19,961,972.9087828216856
560,16.21,883,973.9022017004103
561,16.23,1025,974.8996687712989
562,16.25,956,975.901143451822
563,16.27,898,976.9065851521236
564,16.29,910,977.9159532760652
565,16.31,966,978.9292072222288
566,16.33,974,979.9463063849365
567,16.35,1001,980.9672101551796
568,16.37,940,981.9918779217104
569,16.39,988,983.0202690719699
570,16.41,965,984.0523429930773
571,16.43,934,985.0880590728531
572,16.45,945,986.127376700728
573,16.47,996,987.1702552687827
574,16.49,1003,988.216654172702
575,16.51,997,989.2665328126951
576,16.53,976,990.3198505945226
577,16.55,965,991.3765669303795
578,16.57,990,992.4366412399442
579,16.59,1000,993.5000329512294
580,16.61,974,994.5667015015797
581,16.63,1020,995.6366063386183
582,16.65,985,996.709706921152
583,16.67,975,997.7859627201354
584,16.69,955,998.86533321955
585,16.71,961,999.9477779173817
586,16.73,977,1001.0332563265407
587,16.75,981,1002.1217279757144
588,16.77,975,1003.2131524103501
589,16.79,927,1004.3074891935115
590,16.81,1023,1005.404697906845
591,16.83,980,1006.5047381513854
592,16.85,968,1007.6075695485499
593,16.87,1050,1008.7131517409473
594,16.89,1001,1009.8214443933449
595,16.91,1005,1010.9324071934707
596,16.93,994,1012.0459998529532
597,16.95,1007,1013.162182108181
598,16.97,968,1014.2809137211472
599,16.99,970,1015.4021544803552
600,17.01,937,1016.5258642016686
601,17.03,988,1017.6520027291457
602,17.05,1030,1018.7805299359427
603,17.07,1031,1019.9114057251132
604,17.09,950,1021.0445900305249
605,17.11,1027,1022.1800428176107
606,17.13,1012,1023.3177240842627
607,17.15,1016,1024.4575938617052
608,17.17,979,1025.5996122152446
609,17.19,1056,1026.7437392451566
610,17.21,1014,1027.8899350874472
611,17.23,1027,1029.0381599147695
612,17.25,1011,1030.1883739371729
613,17.27,1009,1031.3405374028825
614,17.29,938,1032.4946105992021
615,17.31,1050,1033.6505538532622
616,17.33,1052,1034.8083275327867
617,17.35,1052,1035.9678920469632
618,17.37,989,1037.1292078471931
619,17.39,1012,1038.2922354278942
620,17.41,1035,1039.4569353272495
621,17.43,1024,1040.623268128034
622,17.45,932,1041.7911944583973
623,17.47,971,1042.9606749925738
624,17.49,1010,1044.1316704517121
625,17.51,1000,1045.304141604635
626,17.53,1012,1046.4780492685568
627,17.55,1005,1047.6533543098806
628,17.57,1027,1048.8300176449354
629,17.59,1039,1050.008000240746
630,17.61,1007,1051.1872631157669
631,17.63,1062,1052.3677673406175
632,17.65,1020,1053.54947403881
633,17.67,1064,1054.7323443875352
634,17.69,1048,1055.9163396183314
635,17.71,1062,1057.1014210178244
636,17.73,1087,1058.2875499285153
637,17.75,972,1059.4746877494224
638,17.77,1072,1060.6627959368027
639,17.79,1007,1061.8518360049193
640,17.81,1059,1063.041769526718
641,17.83,1070,1064.2325581344974
642,17.85,1060,1065.424163520682
643,17.87,1034,1066.6165474384368
644,17.89,1020,1067.8096717024516
645,17.91,1029,1069.0034981895542
646,17.93,1035,1070.197988839408
647,17.95,1101,1071.3931056552633
648,17.97,1096,1072.5888107045355
649,17.99,1057,1073.7850661195505
650,18.01,1027,1074.9818340981758
651,18.03,1115,1076.1790769045324
652,18.05,1057,1077.376756869601
653,18.07,1052,1078.5748363919495
654,18.09,1098,1079.7732779383089
655,18.11,1032,1080.9720440442923
656,18.13,1073,1082.1710973150277
657,18.15,1094,1083.3704004257725
658,18.17,1064,1084.5699161225957
659,18.19,1081,1085.7696072229958
660,18.21,1086,1086.9694366165565
661,18.23,1034,1088.1693672655233
662,18.25,1058,1089.3693622054818
663,18.27,1072,1090.5693845459857
664,18.29,1111,1091.769397471118
665,18.31,1140,1092.9693642401955
666,18.33,1050,1094.1692481882899
667,18.35,1076,1095.3690127269028
668,18.37,1041,1096.5686213445535
669,18.39,1128,1097.768037607324
670,18.41,1092,1098.9672251595907
671,18.43,1056,1100.166147724473
672,18.45,1030,1101.3647691045144
673,18.47,1143,1102.5630531822428
674,18.49,1058,1103.7609639207528
675,18.51,1107,1104.9584653642953
676,18.53,1161,1106.1555216388394
677,18.55,1044,1107.352096952663
678,18.57,1070,1108.5481555969172
679,18.59,1097,1109.743661946152
680,18.61,1117,1110.9385804590008
681,18.63,1100,1112.1328756785674
682,18.65,1077,1113.326512233161
683,18.67,1086,1114.5194548366503
684,18.69,1069,1115.7116682892415
685,18.71,1087,1116.903117477788
686,18.73,1127,1118.093767376528
687,18.75,1111,1119.2835830475265
688,18.77,1126,1120.4725296412025
689,18.79,1111,1121.6605723968987
690,18.81,1134,1122.847676643393
691,18.83,1103,1124.033807799434
692,18.85,1195,1125.2189313742554
693,18.87,1125,1126.4030129680532
694,18.89,1062,1127.5860182726074
695,18.91,1033,1128.767913071657
696,18.93,1011,1129.9486632415205
697,18.95,1163,1131.1282347515341
698,18.97,1189,1132.3065936645653
699,18.99,1119,1133.4837061375495
700,19.01,1087,1134.6595384218958
701,19.03,1048,1135.8340568640936
702,19.05,1163,1137.0072279061103
703,19.07,1163,1138.1790180858868
704,19.09,1168,1139.3493940378742
705,19.11,1138,1140.5183224934526
706,19.13,1071,1141.6857702814077
707,19.15,1166,1142.851704328441
708,19.17,1073,1144.0160916595983
709,19.19,1173,1145.1788993987604
710,19.21,1213,1146.340094769078
711,19.23,1149,1147.4996450934552
712,19.25,1166,1148.6575177949649
713,19.27,1170,1149.8136803973525
714,19.29,1142,1150.9681005254172
715,19.31,1132,1152.1207459055404
716,19.33,1165,1153.2715843660421
717,19.35,1171,1154.4205838376483
718,19.37,1181,1155.5677123539601
719,19.39,1183,1156.7129380518236
720,19.41,1143,1157.8562291718197
721,19.43,1157,1158.997554058623
722,19.45,1161,1160.1368811614734
723,19.47,1142,1161.2741790345863
724,19.49,1152,1162.4094163375214
725,19.51,1175,1163.5425618356435
726,19.53,1114,1164.6735844005216
727,19.55,1154,1165.8024530103569
728,19.57,1109,1166.9291367502803
729,19.59,1218,1168.053604812876
730,19.61,1078,1169.175826498515
731,19.63,1156,1170.295771215749
732,19.65,1130,1171.4134084816953
733,19.67,1139,1172.528707922475
734,19.69,1167,1173.6416392735016
735,19.71,1136,1174.7521723799491
736,19.73,1124,1175.860277197045
737,19.75,1220,1176.965923790518
738,19.77,1144,1178.06908233695
739,19.79,1147,1179.169723124077
740,19.81,1167,1180.267816551265
741,19.83,1149,1181.3633331297708
742,19.85,1199,1182.4562434831278
743,19.87,1223,1183.5465183475396
744,19.89,1178,1184.6341285721662
745,19.91,1220,1185.719045119517
746,19.93,1128,1186.801239065787
747,19.95,1212,1187.8806816012057
748,19.97,1264,1188.9573440303102
749,19.99,1264,1190.0311977724077
750,20.01,1173,1191.1022143617538
751,20.03,1144,1192.1703654480127
752,20.05,1239,1193.2356227964963
753,20.07,1188,1194.2979582885432
754,20.09,1210,1195.3573439217994
755,20.11,1197,1196.4137518105556
756,20.13,1175,1197.4671541860605
757,20.15,1136,1198.5175233968034
758,20.17,1145,1199.564831908865
759,20.19,1238,1200.6090523061937
760,20.21,1265,1201.6501572908894
761,20.23,1206,1202.6881196835786
762,20.25,1293,1203.7229124236087
763,20.27,1155,1204.7545085693862
764,20.29,1233,1205.782881298705
765,20.31,1191,1206.8080039089623
766,20.33,1203,1207.8298498174884
767,20.35,1195,1208.8483925617923
768,20.37,1164,1209.8636057998915
769,20.39,1248,1210.875463310521
770,20.41,1205,1211.8839389934674
771,20.43,1246,1212.8890068697935
772,20.45,1239,1213.8906410820798
773,20.47,1157,1214.8888158947916
774,20.49,1227,1215.8835056944165
775,20.51,1265,1216.8746849898253
776,20.53,1279,1217.862328412431
777,20.55,1240,1218.8464107164682
778,20.57,1259,1219.8269067792978
779,20.59,1164,1220.8037916016356
780,20.61,1275,1221.7770403076963
781,20.63,1234,1222.7466281455286
782,20.65,1232,1223.7125304872711
783,20.67,1232,1224.6747228292666
784,20.69,1226,1225.633180792451
785,20.71,1258,1226.587880122392
786,20.73,1268,1227.5387966897404
787,20.75,1221,1228.4859064902387
788,20.77,1276,1229.4291856450448
789,20.79,1233,1230.3686104009935
790,20.81,1207,1231.304157130667
791,20.83,1226,1232.2358023327306
792,20.85,1254,1233.1635226321007
793,20.87,1276,1234.0872947801354
794,20.89,1257,1235.0070956548564
795,20.91,1249,1235.9229022611166
796,20.93,1220,1236.8346917308277
797,20.95,1226,1237.7424413231702
798,20.97,1233,1238.6461284247214
799,20.99,1239,1239.5457305496805
800,21.01,1270,1240.4412253400935
801,21.03,1290,1241.3325905659174
802,21.05,1230,1242.21980412534
803,21.07,1272,1243.1028440448933
804,21.09,1294,1243.9816884795782
805,21.11,1308,1244.8563157131325
806,21.13,1280,1245.7267041581047
807,21.15,1320,1246.5928323560938
808,21.17,1234,1247.4546789778763
809,21.19,1275,1248.3122228235654
810,21.21,1269,1249.1654428228087
811,21.23,1293,1250.0143180348382
812,21.25,1199,1250.858827648789
813,21.27,1284,1251.6989509836794
814,21.29,1281,1252.5346674886198
815,21.31,1264,1253.3659567430507
816,21.33,1292,1254.1927984567374
817,21.35,1248,1255.0151724699851
818,21.37,1289,1255.8330587537457
819,21.39,1255,1256.6464374098052
820,21.41,1284,1257.4552886708425
821,21.43,1396,1258.259592900589
822,21.45,1281,1259.0593305939756
823,21.47,1259,1259.8544823771997
824,21.49,1304,1260.645029007931
825,21.51,1335,1261.4309513753135
826,21.53,1266,1262.2122305002094
827,21.55,1289,1262.9888475351916
828,21.57,1331,1263.7607837647058
829,21.59,1287,1264.5280206052194
830,21.61,1307,1265.2905396052388
831,21.63,1284,1266.0483224455027
832,21.65,1363,1266.8013509389684
833,21.67,1263,1267.549607031023
834,21.69,1368,1268.293072799508
835,21.71,1308,1269.031730454818
836,21.73,1319,1269.7655623400553
837,21.75,1302,1270.4945509309568
838,21.77,1348,1271.2186788361962
839,21.79,1303,1271.9379287972652
840,21.81,1365,1272.652283688681
841,21.83,1288,1273.3617265179976
842,21.85,1322,1274.066240425879
843,21.87,1292,1274.7658086862377
844,21.89,1290,1275.4604147062573
845,21.91,1276,1276.1500420263571
846,21.93,1306,1276.8346743204802
847,21.95,1309,1277.514295395927
848,21.97,1324,1278.1888891935798
849,21.99,1316,1278.8584397878644
850,22.01,1312,1279.5229313868047
851,22.03,1278,1280.182348332187
852,22.05,1263,1280.8366750993823
853,22.07,1316,1281.4858962976602
854,22.09,1331,1282.12999667004
855,22.11,1270,1282.7689610933787
856,22.13,1292,1283.4027745784424
857,22.15,1282,1284.0314222699606
858,22.17,1280,1284.654889446561
859,22.19,1260,1285.2731615209
860,22.21,1374,1285.8862240396036
861,22.23,1330,1286.4940626834148
862,22.25,1263,1287.0966632671095
863,22.27,1282,1287.6940117395563
864,22.29,1265,1288.2860941837037
865,22.31,1348,1288.8728968166752
866,22.33,1399,1289.4544059896887
867,22.35,1328,1290.0306081881602
868,22.37,1270,1290.601490031591
869,22.39,1322,1291.167038273779
870,22.41,1314,1291.727239802537
871,22.43,1299,1292.2820816399576
872,22.45,1331,1292.83155094227
873,22.47,1258,1293.3756349999005
874,22.49,1377,1293.9143212373956
875,22.51,1373,1294.447597213541
876,22.53,1315,1294.975450621138
877,22.55,1385,1295.497869287273
878,22.57,1333,1296.0148411730524
879,22.59,1271,1296.5263543737756
880,22.61,1249,1297.0323971187408
881,22.63,1298,1297.5329577713824
882,22.65,1327,1298.0280248291483
883,22.67,1336,1298.5175869235227
884,22.69,1281,1299.0016328199472
885,22.71,1312,1299.4801514178193
886,22.73,1258,1299.9531317505437
887,22.75,1238,1300.4205629853923
888,22.77,1293,1300.8824344233751
889,22.79,1289,1301.3387354994884
890,22.81,1313,1301.7894557823915
891,22.83,1355,1302.2345849744966
892,22.85,1312,1302.674112911971
893,22.87,1331,1303.1080295645356
894,22.89,1353,1303.536325035521
895,22.91,1378,1303.9589895618192
896,22.93,1358,1304.3760135137602
897,22.95,1262,1304.787387395154
898,22.97,1357,1305.193101843096
899,22.99,1316,1305.5931476280887
900,23.01,1303,1305.9875156537828
901,23.03,1331,1306.3761969570226
902,23.05,1235,1306.759182707798
903,23.07,1341,1307.1364642090696
904,23.09,1344,1307.5080328968063
905,23.11,1269,1307.8738803398794
906,23.13,1413,1308.233998239931
907,23.15,1367,1308.5883784313658
908,23.17,1294,1308.9370128812163
909,23.19,1321,1309.279893689056
910,23.21,1304,1309.6170130870587
911,23.23,1355,1309.9483634396881
912,23.25,1386,1310.2739372437181
913,23.27,1314,1310.593727128195
914,23.29,1292,1310.9077258542748
915,23.31,1402,1311.215926315094
916,23.33,1324,1311.518321535753
917,23.35,1331,1311.8149046732065
918,23.37,1316,1312.105669016056
919,23.39,1289,1312.3906079846602
920,23.41,1374,1312.6697151307199
921,23.43,1318,1312.9429841374895
922,23.45,1327,1313.2104088194963
923,23.47,1342,1313.471983122381
924,23.49,1372,1313.7277011229394
925,23.51,1284,1313.9775570288948
926,23.53,1286,1314.2215451787895
927,23.55,1322,1314.4596600419277
928,23.57,1298,1314.6918962181485
929,23.59,1368,1314.918248437803
930,23.61,1277,1315.1387115616012
931,23.63,1327,1315.3532805804743
932,23.65,1320,1315.5619506153366
933,23.67,1345,1315.7647169172337
934,23.69,1251,1315.9615748668664
935,23.71,1317,1316.152519974663
936,23.73,1384,1316.337547880729
937,23.75,1353,1316.5166543543944
938,23.77,1322,1316.6898352943253
939,23.79,1308,1316.8570867283195
940,23.81,1365,1317.0184048131493
941,23.83,1258,1317.1737858343868
942,23.85,1312,1317.3232262062766
943,23.87,1357,1317.466722471645
944,23.89,1334,1317.6042713016063
945,23.91,1358,1317.7358694956058
946,23.93,1354,1317.8615139809444
947,23.95,1370,1317.981201813025
948,23.97,1323,1318.0949301748797
949,23.99,1366,1318.2026963771762
950,24.01,1342,1318.304497857927
951,24.03,1321,1318.4003321824152
952,24.05,1327,1318.4901970429682
953,24.07,1366,1318.57409025891
954,24.09,1378,1318.6520097761272
955,24.11,1349,1318.7239536672105
956,24.13,1310,1318.7899201310618
957,24.15,1291,1318.849907492808
958,24.17,1354,1318.9039142035717
959,24.19,1372,1318.9519388403285
960,24.21,1319,1318.9939801056753
961,24.23,1308,1319.0300368277606
962,24.25,1420,1319.0601079599173
963,24.27,1317,1319.0841925806037
964,24.29,1282,1319.1022898932345
965,24.31,1305,1319.1143992258706
966,24.33,1322,1319.1205200311053
967,24.35,1315,1319.120651885832
968,24.37,1281,1319.114794491131
969,24.39,1238,1319.1029476719227
970,24.41,1321,1319.0851113768879
971,24.43,1259,1319.0612856782407
972,24.45,1328,1319.0314707714763
973,24.47,1315,1318.9956669751584
974,24.49,1327,1318.9538747308661
975,24.51,1303,1318.906094602728
976,24.53,1337,1318.852327277417
977,24.55,1372,1318.7925735639349
978,24.57,1336,1318.726834393155
979,24.59,1320,1318.6551108179294
980,24.61,1265,1318.5774040126382
981,24.63,1272,1318.4937152730975
982,24.65,1302,1318.4040460162807
983,24.67,1315,1318.3083977800834
984,24.69,1396,1318.2067722231045
985,24.71,1261,1318.0991711245206
986,24.73,1308,1317.9855963836499
987,24.75,1378,1317.8660500199499
988,24.77,1340,1317.7405341725766
989,24.79,1359,1317.6090511003513
990,24.81,1397,1317.471603181351
991,24.83,1236,1317.328192912753
992,24.85,1284,1317.1788229106478
993,24.87,1302,1317.0234959096904
994,24.89,1372,1316.862214762905
995,24.91,1249,1316.694982441426
996,24.93,1375,1316.5218020343818
997,24.95,1312,1316.3426767483531
998,24.97,1347,1316.1576099074914
999,24.99,1332,1315.966604952959
1000,25.01,1289,1315.7696654428748
1001,25.03,1340,1315.5667950519764
1002,25.05,1325,1315.3579975713571
1003,25.07,1329,1315.1432769082542
1004,25.09,1294,1314.9226370857396
1005,25.11,1310,1314.6960822425915
1006,25.13,1354,1314.463616632781
1007,25.15,1287,1314.2252446254256
1008,25.17,1246,1313.9809707045943
1009,25.19,1298,1313.7307994686873
1010,25.21,1303,1313.4747356305265
1011,25.23,1374,1313.2127840169198
1012,25.25,1284,1312.944949568411
1013,25.27,1313,1312.671237339057
1014,25.29,1303,1312.391652496077
1015,25.31,1360,1312.1062003196319
1016,25.33,1289,1311.8148862025819
1017,25.35,1298,1311.5177156500706
1018,25.37,1271,1311.2146942794259
1019,25.39,1147,1310.9058278197265
1020,25.41,1308,1310.5911221116398
1021,25.43,1256,1310.2705831070496
1022,25.45,1328,1309.9442168688438
1023,25.47,1279,1309.6120295705157
1024,25.49,1338,1309.2740274960972
1025,25.51,1302,1308.9302170395008
1026,25.53,1305,1308.5806047046556
1027,25.55,1249,1308.2251971049948
1028,25.57,1273,1307.8640009630203
1029,25.59,1337,1307.4970231103025
1030,25.61,1348,1307.1242704870656
1031,25.63,1281,1306.7457501417923
1032,25.65,1340,1306.361469231041
1033,25.67,1275,1305.9714350191505
1034,25.69,1336,1305.575654877782
1035,25.71,1288,1305.1741362859443
1036,25.73,1306,1304.766886829226
1037,25.75,1232,1304.3539141999513
1038,25.77,1276,1303.9352261965334
1039,25.79,1306,1303.5108307233493
1040,25.81,1303,1303.08073579046
1041,25.83,1246,1302.644949513029
1042,25.85,1272,1302.2034801113377
1043,25.87,1266,1301.7563359103137
1044,25.89,1310,1301.3035253391824
1045,25.91,1235,1300.8450569312813
1046,25.93,1282,1300.380939323567
1047,25.95,1311,1299.9111812565243
1048,25.97,1295,1299.435791573584
1049,25.99,1275,1298.9547792210385
1050,26.01,1341,1298.4681532474824
1051,26.03,1259,1297.975922803806
1052,26.05,1248,1297.478097142532
1053,26.07,1262,1296.9746856176448
1054,26.09,1251,1296.4656976843542
1055,26.11,1228,1295.9511428986032
1056,26.13,1312,1295.4310309168013
1057,26.15,1260,1294.9053714955962
1058,26.17,1220,1294.3741744912822
1059,26.19,1318,1293.8374498597245
1060,26.21,1239,1293.295207655968
1061,26.23,1195,1292.7474580336993
1062,26.25,1248,1292.1942112451993
1063,26.27,1296,1291.6354776408855
1064,26.29,1275,1291.0712676688763
1065,26.31,1333,1290.501591874789
1066,26.33,1229,1289.926460901301
1067,26.35,1271,1289.3458854879111
1068,26.37,1249,1288.759876470487
1069,26.39,1254,1288.1684447809976
1070,26.41,1260,1287.571601446985
1071,26.43,1293,1286.9693575916124
1072,26.45,1214,1286.3617244328905
1073,26.47,1290,1285.7487132835313
1074,26.49,1263,1285.1303355506118
1075,26.51,1216,1284.506602735163
1076,26.53,1267,1283.8775264317421
1077,26.55,1262,1283.243118328348
1078,26.57,1290,1282.6033902057256
1079,26.59,1281,1281.9583539371945
1080,26.61,1269,1281.3080214883275
1081,26.63,1258,1280.6524049164727
1082,26.65,1252,1279.9915163704381
1083,26.67,1195,1279.3253680902046
1084,26.69,1307,1278.6539724064214
1085,26.71,1181,1277.9773417401782
1086,26.73,1232,1277.295488602507
1087,26.75,1229,1276.6084255941719
1088,26.77,1264,1275.9161654052248
1089,26.79,1227,1275.2187208145547
1090,26.81,1230,1274.5161046895994
1091,26.83,1250,1273.8083299860937
1092,26.85,1229,1273.095409747468
1093,26.87,1262,1272.377357104642
1094,26.89,1201,1271.6541852755174
1095,26.91,1273,1270.9259075648288
1096,26.93,1255,1270.1925373635058
1097,26.95,1278,1269.4540881483981
1098,26.97,1225,1268.7105734820639
1099,26.99,1255,1267.9620070120322
1100,27.01,1279,1267.2084024708536
1101,27.03,1221,1266.4497736754063
1102,27.05,1201,1265.6861345265138
1103,27.07,1273,1264.9174990088002
1104,27.09,1222,1264.1438811901664
1105,27.11,1211,1263.365295221277
1106,27.13,1179,1262.5817553354866
1107,27.15,1274,1261.7932758481452
1108,27.17,1229,1260.99987115639
1109,27.19,1210,1260.2015557386549
1110,27.21,1185,1259.3983441544829
1111,27.23,1194,1258.590251043797
1112,27.25,1249,1257.777291126871
1113,27.27,1204,1256.9594792036883
1114,27.29,1188,1256.1368301536136
1115,27.31,1200,1255.3093589350926
1116,27.33,1207,1254.4770805851497
1117,27.35,1168,1253.6400102189855
1118,27.37,1260,1252.7981630297227
1119,27.39,1277,1251.9515542878264
1120,27.41,1277,1251.1001993409045
1121,27.43,1220,1250.2441136130706
1122,27.45,1270,1249.3833126047462
1123,27.47,1218,1248.5178118921265
1124,27.49,1323,1247.6476271269687
1125,27.51,1202,1246.7727740359142
1126,27.53,1265,1245.8932684203367
1127,27.55,1174,1245.0091261558239
1128,27.57,1208,1244.1203631917792
1129,27.59,1258,1243.22699555105
1130,27.61,1190,1242.3290393294455
1131,27.63,1223,1241.4265106954238
1132,27.65,1253,1240.5194258896545
1133,27.67,1251,1239.607801224579
1134,27.69,1222,1238.6916530840642
1135,27.71,1202,1237.7709979229562
1136,27.73,1163,1236.845852266612
1137,27.75,1247,1235.9162327105223
1138,27.77,1229,1234.9821559201189
1139,27.79,1223,1234.0436386299161
1140,27.81,1249,1233.1006976435642
1141,27.83,1229,1232.1533498331326
1142,27.85,1196,1231.2016121386719
1143,27.87,1203,1230.2455015681282
1144,27.89,1230,1229.2850351965744
1145,27.91,1211,1228.3202301660156
1146,27.93,1194,1227.351103684719
1147,27.95,1162,1226.3776730272082
1148,27.97,1196,1225.3999555334267
1149,27.99,1156,1224.417968608579
1150,28.01,1165,1223.4317297225577
1151,28.03,1270,1222.4412564095794
1152,28.05,1225,1221.4465662679174
1153,28.07,1203,1220.4476769591915
1154,28.09,1176,1219.4446062081647
1155,28.11,1157,1218.437371802151
1156,28.13,1166,1217.425991590854
1157,28.15,1216,1216.4104834856873
1158,28.17,1259,1215.3908654593452
1159,28.19,1187,1214.3671555456574
1160,28.21,1159,1213.3393718387774
1161,28.23,1231,1212.3075324932072
1162,28.25,1191,1211.2716557228669
1163,28.27,1118,1210.2317598009772
1164,28.29,1209,1209.187863059721
1165,28.31,1193,1208.1399838894424
1166,28.33,1197,1207.0881407386255
1167,28.35,1179,1206.0323521132761
1168,28.37,1142,1204.9726365762963
1169,28.39,1183,1203.909012747447
1170,28.41,1157,1202.8414993025615
1171,28.43,1173,1201.770114973406
1172,28.45,1160,1200.6948785470886
1173,28.47,1162,1199.61580886558
1174,28.49,1184,1198.5329248254332
1175,28.51,1187,1197.446245377132
1176,28.53,1146,1196.355789524937
1177,28.55,1221,1195.2615763261656
1178,28.57,1207,1194.1636248910481
1179,28.59,1168,1193.061954381942
1180,28.61,1229,1191.9565840132234
1181,28.63,1156,1190.8475330507356
1182,28.65,1166,1189.7348208111832
1183,28.67,1157,1188.6184666619174
1184,28.69,1113,1187.4984900204545
1185,28.71,1147,1186.3749103539592
1186,28.73,1207,1185.2477471788334
1187,28.75,1208,1184.1170200603426
1188,28.77,1164,1182.9827486119934
1189,28.79,1172,1181.8449524953683
1190,28.81,1243,1180.7036514195163
1191,28.83,1213,1179.558865140445
1192,28.85,1165,1178.4106134607516
1193,28.87,1186,1177.2589162293089
1194,28.89,1156,1176.1037933405996
1195,28.91,1196,1174.94526473441
1196,28.93,1148,1173.7833503953723
1197,28.95,1207,1172.61807035249
1198,28.97,1153,1171.449444678716
1199,28.99,1127,1170.2774934903955
1200,29.01,1178,1169.10223694714
1201,29.03,1160,1167.9236952508722
1202,29.05,1159,1166.7418886458706
1203,29.07,1136,1165.556837418077
1204,29.09,1171,1164.368561894787
1205,29.11,1141,1163.1770824437606
1206,29.13,1111,1161.9824194737098
1207,29.15,1138,1160.78459343259
1208,29.17,1218,1159.5836248083865
1209,29.19,1140,1158.3795341277191
1210,29.21,1158,1157.1723419560985
1211,29.23,1212,1155.9620688968396
1212,29.25,1182,1154.748735591193
1213,29.27,1106,1153.5323627174994
1214,29.29,1186,1152.312970990819
1215,29.31,1126,1151.090581162821
1216,29.33,1114,1149.8652140205459
1217,29.35,1189,1148.6368903870252
1218,29.37,1147,1147.405631119856
1219,29.39,1199,1146.1714571111747
1220,29.41,1195,1144.934389287541
1221,29.43,1114,1143.6944486086725
1222,29.45,1075,1142.4516560677068
1223,29.47,1196,1141.2060326905205
1224,29.49,1068,1139.9575995349949
1225,29.51,1174,1138.7063776912041
1226,29.53,1132,1137.4523882801861
1227,29.55,1109,1136.1956524540778
1228,29.57,1075,1134.936191395473
1229,29.59,1111,1133.6740263169143
1230,29.61,1090,1132.4091784604523
1231,29.63,1180,1131.1416690972553
1232,29.65,1187,1129.8715195271936
1233,29.67,1202,1128.5987510780888
1234,29.69,1078,1127.3233851057087
1235,29.71,1154,1126.0454429930212
1236,29.73,1096,1124.7649461497426
1237,29.75,1157,1123.4819160120526
1238,29.77,1177,1122.1963740419333
1239,29.79,1113,1120.9083417268557
1240,29.81,1149,1119.617840579305
1241,29.83,1113,1118.324892136186
1242,29.85,1112,1117.0295179586135
1243,29.87,1162,1115.7317396314138
1244,29.89,1145,1114.4315787622234
1245,29.91,1093,1113.1290569817884
1246,29.93,1123,1111.8241959428499
1247,29.95,1099,1110.5170173201116
1248,29.97,1137,1109.2075428094445
1249,29.99,1125,1107.8957941278222
1250,30.01,1063,1106.5817930124342
1251,30.03,1153,1105.2655612206515
1252,30.05,1089,1103.9471205291618
1253,30.07,1114,1102.626492733858
1254,30.09,1079,1101.303699649215
1255,30.11,1118,1099.9787631077777
1256,30.13,1127,1098.651704959889
1257,30.15,1098,1097.3225470730076
1258,30.17,1134,1095.99131133161
1259,30.19,1122,1094.6580196361842
1260,30.21,1099,1093.3226939032513
1261,30.23,1119,1091.9853560647432
1262,30.25,1111,1090.6460280675678
1263,30.27,1146,1089.3047318729277
1264,30.29,1143,1087.9614894565002
1265,30.31,1128,1086.616322806941
1266,30.33,1097,1085.2692539265627
1267,30.35,1123,1083.9203048301267
1268,30.37,1161,1082.569497544607
1269,30.39,1092,1081.2168541087417
1270,30.41,1036,1079.862396572573
1271,30.43,1054,1078.5061469969726
1272,30.45,1119,1077.148127453323
1273,30.47,1059,1075.7883600229075
1274,30.49,1134,1074.4268667961624
1275,30.51,1052,1073.0636698730118
1276,30.53,1058,1071.6987913616906
1277,30.55,1030,1070.3322533786177
1278,30.57,1050,1068.96407804774
1279,30.59,1071,1067.5942875004075
1280,30.61,1038,1066.2229038745577
1281,30.63,1088,1064.8499493145093
1282,30.65,1076,1063.475445970436
1283,30.67,1023,1062.0994159975423
1284,30.69,1031,1060.7218815565668
1285,30.71,1063,1059.3428648121042
1286,30.73,1072,1057.9623879333135
1287,30.75,999,1056.5804730924294
1288,30.77,1089,1055.1971424651738
1289,30.79,1061,1053.8124182296615
1290,30.81,1032,1052.4263225661814
1291,30.83,956,1051.0388776570546
1292,30.85,1073,1049.65010568564
1293,30.87,1072,1048.260028836214
1294,30.89,1023,1046.8686692934084
1295,30.91,1081,1045.4760492417663
1296,30.93,1072,1044.0821908654955
1297,30.95,1027,1042.687116347479
1298,30.97,1049,1041.290847869476
1299,30.99,1092,1039.893407611231
1300,31.01,1007,1038.494817750227
1301,31.03,1057,1037.0951004610804
1302,31.05,1048,1035.6942779152114
1303,31.07,1047,1034.2923722803778
1304,31.09,1026,1032.889405720191
1305,31.11,1120,1031.4854003935163
1306,31.13,1036,1030.0803784546608
1307,31.15,1037,1028.6743620518143
1308,31.17,1025,1027.267373327622
1309,31.19,1058,1025.8594344182197
1310,31.21,988,1024.4505674530992
1311,31.23,1022,1023.0407945541181
1312,31.25,1084,1021.6301378356566
1313,31.27,1083,1020.218619403826
1314,31.29,1037,1018.806261356157
1315,31.31,1024,1017.393085781098
1316,31.33,1062,1015.9791147574948
1317,31.35,1073,1014.5643703542867
1318,31.37,959,1013.1488746300827
1319,31.39,1039,1011.7326496325935
1320,31.41,1017,1010.3157173978485
1321,31.43,980,1008.898099950752
1322,31.45,991,1007.4798193035427
1323,31.47,1026,1006.0608974559271
1324,31.49,1047,1004.6413563947505
1325,31.51,1048,1003.2212180930604
1326,31.53,1058,1001.8005045099289
1327,31.55,998,1000.3792375901442
1328,31.57,1000,998.9574392637056
1329,31.59,998,997.5351314449427
1330,31.61,1017,996.1123360327946
1331,31.63,985,994.689074909958
1332,31.65,1010,993.2653699423047
1333,31.67,1107,991.8412429789107
1334,31.69,1055,990.4167158512021
1335,31.71,997,988.9918103725689
1336,31.73,990,987.5665483381459
1337,31.75,1067,986.1409515241731
1338,31.77,1030,984.7150416876733
1339,31.79,965,983.2888405660457
1340,31.81,995,981.8623698762939
1341,31.83,965,980.4356513151158
1342,31.85,1048,979.0087065580143
1343,31.87,1023,977.5815572590533
1344,31.89,956,976.1542250506968
1345,31.91,969,974.7267315426589
1346,31.93,983,973.2990983221933
1347,31.95,1032,971.8713469532352
1348,31.97,975,970.4434989761271
1349,31.99,1035,969.0155759072123
1350,32.01,988,967.5875992382806
1351,32.03,1007,966.1595904362827
1352,32.05,990,964.7315709426788
1353,32.07,925,963.3035621734226
1354,32.09,991,961.8755855178704
1355,32.11,1022,960.4476623389552
1356,32.13,962,959.0198139727381
1357,32.15,979,957.5920617273616
1358,32.17,995,956.1644268833984
1359,32.19,1024,954.7369306929048
1360,32.21,950,953.309594379203
1361,32.23,995,951.8824391364218
1362,32.25,1005,950.4554861288785
1363,32.27,1010,949.0287564912744
1364,32.29,990,947.6022713272308
1365,32.31,1001,946.1760517101712
1366,32.33,946,944.7501186815188
1367,32.35,989,943.3244932514142
1368,32.37,1024,941.8991963975421
1369,32.39,995,940.474249065371
1370,32.41,956,939.0496721669693
1371,32.43,983,937.6254865810718
1372,32.45,969,936.201713152759
1373,32.47,957,934.7783726927631
1374,32.49,931,933.3554859768121
1375,32.51,974,931.9330737460346
1376,32.53,953,930.5111567058461
1377,32.55,918,929.08975552553
1378,32.57,920,927.668890838577
1379,32.59,909,926.248583240926
1380,32.61,952,924.8288532918718
1381,32.63,919,923.4097215133397
1382,32.65,945,921.9912083885115
1383,32.67,911,920.573334362904
1384,32.69,896,919.1561198426606
1385,32.71,949,917.7395851952425
1386,32.73,919,916.3237507480492
1387,32.75,915,914.9086367883801
1388,32.77,951,913.4942635635219
1389,32.79,892,912.0806512796232
1390,32.81,965,910.6678201013717
1391,32.83,961,909.2557901523896
1392,32.85,926,907.8445815136025
1393,32.87,950,906.434214223838
1394,32.89,975,905.0247082789061
1395,32.91,907,903.6160836313011
1396,32.93,897,902.2083601899297
1397,32.95,956,900.8015578195776
1398,32.97,936,899.395696340639
1399,32.99,877,897.9907955285198
1400,33.01,952,896.5868751133339
1401,33.03,911,895.1839547795989
1402,33.05,895,893.7820541659318
1403,33.07,937,892.3811928638337
1404,33.09,951,890.9813904190042
1405,33.11,879,889.5826663289746
1406,33.13,925,888.1850400439109
1407,33.15,917,886.788530966177
1408,33.17,926,885.3931584495928
1409,33.19,945,883.9989417990056
1410,33.21,887,882.6059002700938
1411,33.23,899,881.2140530690501
1412,33.25,841,879.8234193522458
1413,33.27,915,878.4340182254825
1414,33.29,850,877.0458687436078
1415,33.31,890,875.65898991088
1416,33.33,940,874.273400679522
1417,33.35,910,872.889119950226
1418,33.37,901,871.5061665711072
1419,33.39,885,870.1245593378101
1420,33.41,819,868.744316993003
1421,33.43,878,867.3654582258473
1422,33.45,892,865.9880016714966
1423,33.47,887,864.6119659115038
1424,33.49,915,863.237369472128
1425,33.51,848,861.8642308253195
1426,33.53,915,860.4925683874952
1427,33.55,858,859.1224005194163
1428,33.57,869,857.753745525874
1429,33.59,887,856.3866216550082
1430,33.61,877,855.0210470985213
1431,33.63,910,853.6570399908794
1432,33.65,855,852.294618408741
1433,33.67,896,850.9338003713531
1434,33.69,881,849.5746038394834
1435,33.71,841,848.2170467151606
1436,33.73,878,846.8611468416734
1437,33.75,827,845.5069220027208
1438,33.77,892,844.1543899226402
1439,33.79,837,842.8035682656986
1440,33.81,829,841.4544746351621
1441,33.83,825,840.1071265743583
1442,33.85,821,838.7615415648625
1443,33.87,841,837.417737027091
1444,33.89,812,836.0757303196667
1445,33.91,891,834.7355387386573
1446,33.93,840,833.3971795178827
1447,33.95,836,832.0606698281342
1448,33.97,869,830.7260267772074
1449,33.99,860,829.3932674091022
1450,34.01,818,828.0624087037952
1451,34.03,806,826.7334675770255
1452,34.05,877,825.4064608802267
1453,34.07,853,824.0814053993412
1454,34.09,767,822.7583178554589
1455,34.11,808,821.4372149037077
1456,34.13,747,820.1181131332083
1457,34.15,821,818.8010290668298
1458,34.17,801,817.48597916099
1459,34.19,868,816.172979804701
1460,34.21,833,814.86204731976
1461,34.23,880,813.553197960513
1462,34.25,821,812.2464479129187
1463,34.27,832,810.9418132947624
1464,34.29,773,809.6393101551893
1465,34.31,802,808.3389544742384
1466,34.33,832,807.0407621627132
1467,34.35,901,805.7447490615748
1468,34.37,883,804.4509309420301
1469,34.39,802,803.1593235047383
1470,34.41,839,801.8699423800739
1471,34.43,773,800.5828031268045
1472,34.45,825,799.2979212329329
1473,34.47,778,798.0153121149525
1474,34.49,828,796.7349911169573
1475,34.51,779,795.4569735111277
1476,34.53,757,794.1812744971315
1477,34.55,808,792.9079092013901
1478,34.57,793,791.6368926776204
1479,34.59,797,790.3682399057275
1480,34.61,839,789.101965792017
1481,34.63,843,787.8380851684802
1482,34.65,782,786.5766127928248
1483,34.67,779,785.3175633478263
1484,34.69,765,784.0609514417574
1485,34.71,789,782.8067916066744
1486,34.73,765,781.555098299978
1487,34.75,798,780.3058859024785
1488,34.77,757,779.0591687188557
1489,34.79,737,777.8149609772659
1490,34.81,767,776.5732768293263
1491,34.83,794,775.3341303490363
1492,34.85,781,774.0975355334622
1493,34.87,803,772.863506301515
1494,34.89,742,771.6320564942321
1495,34.91,812,770.4031998746594
1496,34.93,687,769.1769501266949
1497,34.95,756,767.9533208560925
1498,34.97,799,766.7323255886222
1499,34.99,737,765.5139777712302
1500,35.01,778,764.2982907710116
1501,35.03,763,763.0852778746428
1502,35.05,756,761.8749522891783
1503,35.07,729,760.6673271406206
1504,35.09,702,759.4624154743906
1505,35.11,736,758.2602302545524
1506,35.13,807,757.060784363896
1507,35.15,753,755.8640906037707
1508,35.17,750,754.6701616933019
1509,35.19,806,753.4790102693845
1510,35.21,739,752.2906488866541
1511,35.23,721,751.1050900168375
1512,35.25,756,749.922346048932
1513,35.27,755,748.7424292883915
1514,35.29,757,747.5653519569846
1515,35.31,750,746.3911261932803
1516,35.33,716,745.2197640512628
1517,35.35,722,744.0512775009015
1518,35.37,750,742.8856784276207
1519,35.39,749,741.7229786316044
1520,35.41,700,740.563189828709
1521,35.43,773,739.4063236487508
1522,35.45,789,738.2523916363465
1523,35.47,732,737.1014052504804
1524,35.49,710,735.9533758635379
1525,35.51,741,734.8083147622173
1526,35.53,769,733.6662331460437
1527,35.55,741,732.5271421285362
1528,35.57,757,731.3910527354338
1529,35.59,762,730.2579759054762
1530,35.61,722,729.1279224900261
1531,35.63,646,728.0009032527415
1532,35.65,704,726.8769288691561
1533,35.67,687,725.7560099264723
1534,35.69,696,724.6381569237298
1535,35.71,718,723.5233802714577
1536,35.73,701,722.4116902908254
1537,35.75,745,721.3030972141748
1538,35.77,684,720.1976111845976
1539,35.79,777,719.0952422553506
1540,35.81,748,717.9960003902397
1541,35.83,663,716.899895462765
1542,35.85,685,715.806937256706
1543,35.87,729,714.7171354645899
1544,35.89,719,713.630499689219
1545,35.91,655,712.5470394421025
1546,35.93,741,711.4667641435242
1547,35.95,669,710.3896831231907
1548,35.97,688,709.3158056183631
1549,35.99,702,708.2451407754098
1550,36.01,696,707.1776976486034
1551,36.03,715,706.113485199712
1552,36.05,676,705.0525122990304
1553,36.07,662,703.9947877239072
1554,36.09,706,702.9403201590319
1555,36.11,679,701.8891181961976
1556,36.13,653,700.8411903344519
1557,36.15,715,699.7965449790912
1558,36.17,647,698.7551904424816
1559,36.19,681,697.7171349431611
1560,36.21,731,696.6823866057437
1561,36.23,682,695.6509534611613
1562,36.25,704,694.6228434456799
1563,36.27,657,693.5980644021218
1564,36.29,699,692.576624077716
1565,36.31,695,691.5585301255408
1566,36.33,678,690.5437901040052
1567,36.35,673,689.5324114759637
1568,36.37,676,688.5244016095842
1569,36.39,694,687.5197677771985
1570,36.41,691,686.518517155849
1571,36.43,741,685.520656826764
1572,36.45,703,684.5261937753511
1573,36.47,746,683.535134891011
1574,36.49,713,682.5474869670519
1575,36.51,694,681.5632566998875
1576,36.53,627,680.5824506902129
1577,36.55,681,679.6050754416159
1578,36.57,640,678.6311373607151
1579,36.59,679,677.6606427579059
1580,36.61,677,676.6935978453425
1581,36.63,646,675.7300087391502
1582,36.65,661,674.7698814570517
1583,36.67,656,673.8132219199248
1584,36.69,614,672.8600359508022
1585,36.71,650,671.9103292745934
1586,36.73,616,670.964107518523
1587,36.75,641,670.0213762117987
1588,36.77,650,669.0821407852378
1589,36.79,614,668.1464065715031
1590,36.81,636,667.2141788046346
1591,36.83,664,666.2854626201976
1592,36.85,647,665.3602630547609
1593,36.87,689,664.4385850467631
1594,36.89,651,663.5204334348927
1595,36.91,661,662.6058129588924
1596,36.93,659,661.6947282598018
1597,36.95,655,660.7871838788546
1598,36.97,600,659.8831842584863
1599,36.99,668,658.9827337404289
1600,37.01,644,658.0858365682406
1601,37.03,668,657.1924968848349
1602,37.05,634,656.3027187336027
1603,37.07,649,655.4165060576022
1604,37.09,635,654.533862700431
1605,37.11,639,653.6547924051426
1606,37.13,653,652.779298815012
1607,37.15,677,651.9073854720021
1608,37.17,624,651.0390558189594
1609,37.19,647,650.1743131971724
1610,37.21,634,649.3131608481356
1611,37.23,634,648.455601912099
1612,37.25,621,647.6016394286631
1613,37.27,619,646.7512763370775
1614,37.29,623,645.9045154750448
1615,37.31,636,645.0613595795007
1616,37.33,638,644.2218112863833
1617,37.35,651,643.3858731306904
1618,37.37,648,642.5535475456772
1619,37.39,617,641.7248368640606
1620,37.41,636,640.8997433164616
1621,37.43,617,640.0782690325215
1622,37.45,673,639.2604160405829
1623,37.47,623,638.4461862669444
1624,37.49,614,637.6355815369726
1625,37.51,596,636.8286035739569
1626,37.53,626,636.0252539996482
1627,37.55,600,635.2255343340091
1628,37.57,605,634.4294459952266
1629,37.59,644,633.6369903000856
1630,37.61,620,632.8481684629833
1631,37.63,588,632.0629815964035
1632,37.65,582,631.281430711242
1633,37.67,636,630.5035167161814
1634,37.69,626,629.7292404183423
1635,37.71,615,628.9586025219905
1636,37.73,568,628.1916036299187
1637,37.75,591,627.4282442426036
1638,37.77,564,626.6685247585613
1639,37.79,574,625.9124454744152
1640,37.81,610,625.1600065835098
1641,37.83,612,624.4112081784348
1642,37.85,631,623.6660502490363
1643,37.87,611,622.9245326821182
1644,37.89,614,622.186655263771
1645,37.91,543,621.4524176765622
1646,37.93,606,620.7218195016662
1647,37.95,628,619.9948602178199
1648,37.97,576,619.2715392009202
1649,37.99,619,618.551855725361
1650,38.01,620,617.8358089632493
1651,38.03,596,617.1233979840259
1652,38.05,617,616.4146217551281
1653,38.07,593,615.7094791421137
1654,38.09,612,615.0079689076784
1655,38.11,614,614.3100897128323
1656,38.13,563,613.6158401161998
1657,38.15,642,612.9252185744488
1658,38.17,596,612.2382234419122
1659,38.19,642,611.5548529710762
1660,38.21,613,610.8751053121111
1661,38.23,561,610.1989785131092
1662,38.25,532,609.526470520521
1663,38.27,635,608.8575791782736
1664,38.29,553,608.1923022289344
1665,38.31,590,607.530637312788
1666,38.33,593,606.8725819684618
1667,38.35,581,606.2181336325431
1668,38.37,597,605.5672896402032
1669,38.39,562,604.9200472242669
1670,38.41,607,604.2764035166664
1671,38.43,540,603.6363555473072
1672,38.45,585,602.9999002444293
1673,38.47,578,602.3670344353338
1674,38.49,567,601.7377548449502
1675,38.51,562,601.1120580981479
1676,38.53,580,600.4899407169657
1677,38.55,585,599.8713991233857
1678,38.57,562,599.2564296374862
1679,38.59,570,598.6450284789768
1680,38.61,620,598.0371917660118
1681,38.63,637,597.4329155158431
1682,38.65,565,596.8321956453009
1683,38.67,558,596.23502796979
1684,38.69,556,595.6414082049944
1685,38.71,602,595.0513319647871
1686,38.73,592,594.464794763141
1687,38.75,586,593.8817920140892
1688,38.77,572,593.3023190305411
1689,38.79,573,592.7263710261367
1690,38.81,582,592.1539431132843
1691,38.83,576,591.5850303050348
1692,38.85,566,591.0196275149028
1693,38.87,598,590.457729555792
1694,38.89,552,589.899331141538
1695,38.91,559,589.3444268862521
1696,38.93,538,588.7930113043011
1697,38.95,565,588.2450788115411
1698,38.97,558,587.7006237240747
1699,38.99,556,587.1596402585204
1700,39.01,565,586.622122533606
1701,39.03,541,586.0880645682563
1702,39.05,572,585.5574602833616
1703,39.07,547,585.0303035013529
1704,39.09,537,584.5065879457452
1705,39.11,593,583.9863072421601
1706,39.13,532,583.4694549179575
1707,39.15,617,582.9560244023795
1708,39.17,530,582.4460090277452
1709,39.19,548,581.9394020276618
1710,39.21,567,581.4361965384563
1711,39.23,532,580.9363855997755
1712,39.25,567,580.4399621533877
1713,39.27,557,579.946919044244
1714,39.29,534,579.4572490203192
1715,39.31,558,578.9709447334945
1716,39.33,565,578.4879987384936
1717,39.35,577,578.0084034939374
1718,39.37,550,577.5321513624474
1719,39.39,558,577.0592346103581
1720,39.41,570,576.5896454086676
1721,39.43,577,576.1233758319817
1722,39.45,571,575.6604178603858
1723,39.47,545,575.2007633784395
1724,39.49,554,574.7444041754433
1725,39.51,568,574.2913319458538
1726,39.53,541,573.841538290125
1727,39.55,537,573.3950147134959
1728,39.57,563,572.951752626972
1729,39.59,559,572.5117433487001
1730,39.61,545,572.0749781016882
1731,39.63,558,571.6414480157308
1732,39.65,583,571.2111441279342
1733,39.67,553,570.7840573815934
1734,39.69,569,570.3601786266179
1735,39.71,518,569.9394986215493
1736,39.73,577,569.5220080313428
1737,39.75,554,569.1076974290575
1738,39.77,583,568.6965572959184
1739,39.79,545,568.2885780211323
1740,39.81,542,567.8837499024983
1741,39.83,541,567.4820631463965
1742,39.85,560,567.0835078687924
1743,39.87,558,566.6880740935738
1744,39.89,548,566.2957517553111
1745,39.91,520,565.9065306978221
1746,39.93,584,565.5204006751196
1747,39.95,547,565.1373513507426
1748,39.97,558,564.7573722993365
1749,39.99,552,564.3804530066608
1750,40.01,566,564.0065828685828
1751,40.03,546,563.6357511930953
1752,40.05,582,563.2679471990114
1753,40.07,573,562.9031600178556
1754,40.09,544,562.5413786923269
1755,40.11,553,562.1825921785486
1756,40.13,574,561.8267893448851
1757,40.15,564,561.4739589722928
1758,40.17,540,561.1240897559844
1759,40.19,561,560.7771703035746
1760,40.21,602,560.4331891377435
1761,40.23,592,560.0921346946021
1762,40.25,569,559.7539953251949
1763,40.27,575,559.4187592950414
1764,40.29,576,559.0864147847262
1765,40.31,534,558.7569498906528
1766,40.33,595,558.4303526251283
1767,40.35,561,558.1066109158222
1768,40.37,540,557.7857126069304
1769,40.39,563,557.4676454601503
1770,40.41,510,557.1523971534313
1771,40.43,555,556.8399552824333
1772,40.45,558,556.5303073606846
1773,40.47,570,556.2234408190722
1774,40.49,546,555.9193430079754
1775,40.51,579,555.6180011956683
1776,40.53,537,555.3194025696229
1777,40.55,535,555.023534237428
1778,40.57,542,554.7303832258996
1779,40.59,547,554.4399364816919
1780,40.61,549,554.1521808732226
1781,40.63,561,553.8671031878284
1782,40.65,555,553.584690136444
1783,40.67,526,553.3049283499506
1784,40.69,564,553.0278043816754
1785,40.71,534,552.7533047075568
1786,40.73,570,552.4814157260694
1787,40.75,530,552.2121237588539
1788,40.77,561,551.9454150513393
1789,40.79,572,551.6812757721988
1790,40.81,566,551.4196920155465
1791,40.83,533,551.1606497993159
1792,40.85,546,550.9041350661047
1793,40.87,629,550.65013368549
1794,40.89,570,550.3986314519213
1795,40.91,577,550.1496140866908
1796,40.93,566,549.903067237178
1797,40.95,583,549.658976478192
1798,40.97,590,549.4173273126945
1799,40.99,517,549.1781051708609
1800,41.01,561,548.941295411792
1801,41.03,565,548.7068833233321
1802,41.05,520,548.4748541218645
1803,41.07,565,548.2451929549956
1804,41.09,552,548.0178848992258
1805,41.11,555,547.7929149616385
1806,41.13,559,547.5702680820282
1807,41.15,573,547.3499291291689
1808,41.17,565,547.131882905703
1809,41.19,543,546.916114145884
1810,41.21,519,546.7026075167054
1811,41.23,513,546.4913476195533
1812,41.25,573,546.2823189878218
1813,41.27,519,546.075506090254
1814,41.29,560,545.870893330483
1815,41.31,562,545.6684650473171
1816,41.33,537,545.4682055140682
1817,41.35,558,545.2700989417474
1818,41.37,547,545.0741294771609
1819,41.39,554,544.88028120418
1820,41.41,565,544.6885381453639
1821,41.43,590,544.4988842595027
1822,41.45,525,544.3113034457434
1823,41.47,553,544.1257795414878
1824,41.49,596,543.9422963241176
1825,41.51,577,543.7608375105556
1826,41.53,555,543.5813867595766
1827,41.55,531,543.403927669809
1828,41.57,574,543.2284437821772
1829,41.59,560,543.0549185799357
1830,41.61,528,542.8833354883286
1831,41.63,546,542.7136778773023
1832,41.65,542,542.5459290590167
1833,41.67,551,542.3800722906078
1834,41.69,567,542.2160907744943
1835,41.71,546,542.0539676581536
1836,41.73,575,541.8936860347229
1837,41.75,587,541.7352289442243
1838,41.77,568,541.5785793736102
1839,41.79,530,541.423720257746
1840,41.81,554,541.2706344789405
1841,41.83,605,541.1193048693852
1842,41.85,532,540.9697142094963
1843,41.87,554,540.8218452302759
1844,41.89,567,540.6756806126743
1845,41.91,562,540.531202988929
1846,41.93,511,540.3883949435143
1847,41.95,572,540.2472390115793
1848,41.97,570,540.1077176824965
1849,41.99,517,539.9698133986811
1850,42.01,532,539.8335085563257
1851,42.03,554,539.6987855059997
1852,42.05,528,539.565626554354
1853,42.07,537,539.4340139625309
1854,42.09,604,539.3039299489478
1855,42.11,571,539.1753566890293
1856,42.13,548,539.0482763157779
1857,42.15,492,538.9226709203302
1858,42.17,554,538.7985225523105
1859,42.19,543,538.6758132219487
1860,42.21,584,538.5545248982809
1861,42.23,524,538.4346395125464
1862,42.25,569,538.3161389561653
1863,42.27,585,538.1990050828931
1864,42.29,588,538.0832197101025
1865,42.31,537,537.968764617766
1866,42.33,551,537.855621549676
1867,42.35,555,537.7437722146896
1868,42.37,569,537.6331982869588
1869,42.39,533,537.5238814062258
1870,42.41,565,537.4158031803114
1871,42.43,523,537.3089451822035
1872,42.45,581,537.2032889544101
1873,42.47,497,537.0988160081636
1874,42.49,527,536.9955078235203
1875,42.51,516,536.8933458503935
1876,42.53,507,536.7923115103592
1877,42.55,548,536.692386195639
1878,42.57,488,536.5935512714129
1879,42.59,547,536.4957880744569
1880,42.61,554,536.3990779165388
1881,42.63,536,536.3034020828999
1882,42.65,578,536.208741833864
1883,42.67,589,536.1150784051952
1884,42.69,528,536.0223930103535
1885,42.71,526,535.9306668380717
1886,42.73,504,535.8398810566672
1887,42.75,581,535.750016811383
1888,42.77,566,535.6610552286488
1889,42.79,561,535.5729774139725
1890,42.81,527,535.4857644531978
1891,42.83,563,535.399397415134
1892,42.85,578,535.3138573497741
1893,42.87,587,535.229125290207
1894,42.89,555,535.1451822546621
1895,42.91,557,535.0620092444517
1896,42.93,579,534.9795872473202
1897,42.95,562,534.8978972361436
1898,42.97,549,534.8169201718227
1899,42.99,607,534.7366370023126
1900,43.01,536,534.6570286639618
1901,43.03,578,534.5780760830669
1902,43.05,526,534.4997601754565
1903,43.07,501,534.4220618479567
1904,43.09,526,534.344961999016
1905,43.11,515,534.2684415190483
1906,43.13,532,534.1924812929047
1907,43.15,544,534.1170621985007
1908,43.17,540,534.0421651086888
1909,43.19,562,533.9677708929788
1910,43.21,584,533.8938604162371
1911,43.23,524,533.820414541681
1912,43.25,543,533.7474141296594
1913,43.27,595,533.6748400404089
1914,43.29,546,533.6026731337149
1915,43.31,510,533.5308942695453
1916,43.33,544,533.4594843103372
1917,43.35,601,533.3884241206403
1918,43.37,552,533.3176945678823
1919,43.39,520,533.2472765239858
1920,43.41,594,533.1771508650679
1921,43.43,570,533.1072984741476
1922,43.45,566,533.037700240425
1923,43.47,596,532.9683370606662
1924,43.49,527,532.8991898396794
1925,43.51,538,532.8302394928863
1926,43.53,510,532.761466944144
1927,43.55,549,532.6928531297535
1928,43.57,538,532.624378996992
1929,43.59,507,532.5560255073578
1930,43.61,531,532.4877736356293
1931,43.63,538,532.419604370048
1932,43.65,554,532.3514987154881
1933,43.67,532,532.2834376946191
1934,43.69,579,532.2154023446959
1935,43.71,592,532.1473737238152
1936,43.73,519,532.0793329086332
1937,43.75,523,532.0112609948428
1938,43.77,568,531.9431391006062
1939,43.79,488,531.8749483663084
1940,43.81,545,531.8066699543949
1941,43.83,540,531.7382850517483
1942,43.85,559,531.6697748706022
1943,43.87,546,531.6011206484729
1944,43.89,553,531.5323036498143
1945,43.91,549,531.4633051672247
1946,43.93,543,531.3941065214361
1947,43.95,534,531.3246890639736
1948,43.97,531,531.2550341753288
1949,43.99,544,531.1851232701703
1950,44.01,557,531.1149377935151
1951,44.03,560,531.0444592256001
1952,44.05,562,530.9736690800758
1953,44.07,561,530.9025489073547
1954,44.09,557,530.8310802941494
1955,44.11,564,530.759244864087
1956,44.13,532,530.6870242809135
1957,44.15,547,530.6144002469428
1958,44.17,525,530.5413545049469
1959,44.19,512,530.4678688412148
1960,44.21,543,530.393925082861
1961,44.23,532,530.3195051008367
1962,44.25,545,530.2445908126188
1963,44.27,561,530.169164179966
1964,44.29,544,530.0932072122441
1965,44.31,501,530.0167019660119
1966,44.33,552,529.9396305479555
1967,44.35,572,529.8619751140048
1968,44.37,556,529.7837178714273
1969,44.39,552,529.7048410796402
1970,44.41,570,529.6253270509848
1971,44.43,613,529.5451581528599
1972,44.45,519,529.4643168073296
1973,44.47,568,529.3827854938381
1974,44.49,551,529.3005467479873
1975,44.51,535,529.2175831652776
1976,44.53,569,529.133877400315
1977,44.55,519,529.0494121687118
1978,44.57,530,528.9641702478551
1979,44.59,574,528.8781344789005
1980,44.61,544,528.7912877662169
1981,44.63,572,528.7036130803237
1982,44.65,525,528.615093456867
1983,44.67,541,528.5257120006489
1984,44.69,570,528.4354518842783
1985,44.71,554,528.3442963494491
1986,44.73,539,528.252228709895
1987,44.75,503,528.1592323513803
1988,44.77,536,528.0652907321937
1989,44.79,501,527.9703873855939
1990,44.81,531,527.8745059197996
1991,44.83,554,527.7776300202883
1992,44.85,522,527.6797434500911
1993,44.87,510,527.5808300509711
1994,44.89,553,527.4808737459201
1995,44.91,532,527.3798585377913
1996,44.93,503,527.2777685131846
1997,44.95,543,527.174587841874
1998,44.97,527,527.0703007787956
1999,44.99,550,526.9648916647762
2000,45.01,534,526.8583449283833
2001,45.03,469,526.750645085876
2002,45.05,553,526.641776744801
2003,45.07,534,526.5317246016438
2004,45.09,541,526.4204734461266
2005,45.11,507,526.3080081624043
2006,45.13,554,526.1943137266197
2007,45.15,505,526.0793752140812
2008,45.17,509,525.9631777939961
2009,45.19,499,525.845706735737
2010,45.21,542,525.7269474076531
2011,45.23,560,525.6068852792376
2012,45.25,525,525.4855059224647
2013,45.27,546,525.362795010924
2014,45.29,531,525.238738324607
2015,45.31,534,525.1133217493896
2016,45.33,566,524.9865312762428
2017,45.35,541,524.8583530067173
2018,45.37,521,524.7287731512185
2019,45.39,509,524.5977780314639
2020,45.41,522,524.4653540805832
2021,45.43,508,524.3314878462742
2022,45.45,554,524.1961659907029
2023,45.47,502,524.0593752920894
2024,45.49,555,523.921102645619
2025,45.51,512,523.78133506762
2026,45.53,526,523.6400596913558
2027,45.55,538,523.4972637728505
2028,45.57,512,523.3529346920945
2029,45.59,489,523.2070599517156
2030,45.61,507,523.0596271799814
2031,45.63,541,522.910624132482
2032,45.65,487,522.7600386922416
2033,45.67,518,522.6078588725263
2034,45.69,518,522.4540728168988
2035,45.71,518,522.2986688006554
2036,45.73,493,522.1416352347247
2037,45.75,535,521.982960662227
2038,45.77,535,521.8226337643159
2039,45.79,532,521.6606433593101
2040,45.81,504,521.4969784042947
2041,45.83,497,521.3316279977266
2042,45.85,489,521.1645813792364
2043,45.87,505,520.9958279314468
2044,45.89,503,520.825357182614
2045,45.91,499,520.6531588064199
2046,45.93,475,520.4792226233616
2047,45.95,507,520.3035386043725
2048,45.97,510,520.126096869029
2049,45.99,499,519.9468876897212
2050,46.01,543,519.7659014927374
2051,46.03,518,519.5831288561693
2052,46.05,501,519.3985605170344
2053,46.07,520,519.2121873691882
2054,46.09,508,519.0240004645512
2055,46.11,534,518.8339910152572
2056,46.13,501,518.6421503972621
2057,46.15,505,518.4484701476764
2058,46.17,529,518.2529419693191
2059,46.19,548,518.0555577317976
2060,46.21,498,517.8563094714218
2061,46.23,524,517.6551893939985
2062,46.25,511,517.4521898768679
2063,46.27,567,517.247303469269
2064,46.29,508,517.0405228925428
2065,46.31,473,516.8318410461059
2066,46.33,494,516.6212510039935
2067,46.35,542,516.4087460188806
2068,46.37,467,516.1943195237513
2069,46.39,537,515.9779651329485
2070,46.41,521,515.7596766424338
2071,46.43,541,515.5394480337376
2072,46.45,514,515.3172734736025
2073,46.47,478,515.0931473171182
2074,46.49,521,514.8670641076174
2075,46.51,528,514.6390185781618
2076,46.53,490,514.409005655719
2077,46.55,468,514.1770204594744
2078,46.57,489,513.943058304648
2079,46.59,454,513.7071147030011
2080,46.61,519,513.4691853642682
2081,46.63,513,513.229266199004
2082,46.65,514,512.9873533185116
2083,46.67,492,512.7434430376588
2084,46.69,515,512.4975318756593
2085,46.71,552,512.2496165584555
2086,46.73,464,511.99969401978194
2087,46.75,495,511.7477614029912
2088,46.77,508,511.49381606279763
2089,46.79,488,511.23785556559403
2090,46.81,473,510.979877694073
2091,46.83,520,510.719880445683
2092,46.85,475,510.45786203635254
2093,46.87,502,510.1938208992616
2094,46.89,496,509.92775569204235
2095,46.91,494,509.65966529210397
2096,46.93,478,509.38954880271154
2097,46.95,492,509.1174055518249
2098,46.97,507,508.8432350962253
2099,46.99,475,508.5670372216775
2100,47.01,520,508.28881194517396
2101,47.03,451,508.0085595145172
2102,47.05,475,507.7262804144616
2103,47.07,482,507.4419753648224
2104,47.09,467,507.1556453224698
2105,47.11,492,506.8672914844951
2106,47.13,540,506.57691528825455
2107,47.15,509,506.2845184162139
2108,47.17,458,505.9901027921128
2109,47.19,474,505.6936705881522
2110,47.21,491,505.39522422478257
2111,47.23,503,505.09476637207865
2112,47.25,527,504.79229994959707
2113,47.27,477,504.4878281331963
2114,47.29,438,504.18135435052864
2115,47.31,511,503.8728822901931
2116,47.33,486,503.5624158952603
2117,47.35,474,503.24995937065444
2118,47.37,482,502.93551718443274
2119,47.39,474,502.61909406741455
2120,47.41,537,502.3006950151187
2121,47.43,490,501.98032529255335
2122,47.45,480,501.6579904318293
2123,47.47,461,501.3336962384561
2124,47.49,491,501.0074487889005
2125,47.51,459,500.67925443382944
2126,47.53,472,500.34911980222614
2127,47.55,440,500.0170518003183
2128,47.57,497,499.68305761420294
2129,47.59,474,499.34714471149607
2130,47.61,482,499.0093208446797
2131,47.63,500,498.66959405169473
2132,47.65,492,498.32797265667364
2133,47.67,472,497.98446527426245
2134,47.69,466,497.63908080910426
2135,47.71,517,497.29182845993654
2136,47.73,479,496.9427177193229
2137,47.75,454,496.5917583780089
2138,47.77,514,496.2389605231929
2139,47.79,480,495.88433454382215
2140,47.81,502,495.52789113190073
2141,47.83,483,495.1696412826504
2142,47.85,515,494.809596297588
2143,47.87,473,494.44776778520765
2144,47.89,498,494.08416766663504
2145,47.91,476,493.7188081726495
2146,47.93,491,493.3517018480704
2147,47.95,474,492.98286155379736
2148,47.97,465,492.61230046901267
2149,47.99,472,492.2400320915984
2150,48.01,491,491.8660702414012
2151,48.03,509,491.4904290603106
2152,48.05,486,491.1131230181963
2153,48.07,507,490.7341669107389
2154,48.09,519,490.3535758622059
2155,48.11,460,489.97136532927846
2156,48.13,511,489.5875511024457
2157,48.15,469,489.202149306311
2158,48.17,488,488.8151764032171
2159,48.19,501,488.4266491942913
2160,48.21,466,488.0365848223022
2161,48.23,481,487.64500077289716
2162,48.25,465,487.2519148774115
2163,48.27,456,486.85734531426056
2164,48.29,472,486.4613106104882
2165,48.31,504,486.06382964501466
2166,48.33,518,485.6649216508182
2167,48.35,462,485.26460621339004
2168,48.37,504,484.8629032795312
2169,48.39,482,484.459833151879
2170,48.41,485,484.0554164970542
2171,48.43,469,483.64967434403326
2172,48.45,477,483.2426280872899
2173,48.47,480,482.8342994889729
2174,48.49,463,482.42471068085615
2175,48.51,462,482.0138841679518
2176,48.53,465,481.601842827033
2177,48.55,479,481.18860991270134
2178,48.57,451,480.7742090546169
2179,48.59,484,480.35866426751846
2180,48.61,496,479.94199994243326
2181,48.63,436,479.52424085991686
2182,48.65,480,479.10541218438067
2183,48.67,485,478.68553946880616
2184,48.69,494,478.26464865821214
2185,48.71,455,477.8427660897513
2186,48.73,480,477.41991849443895
2187,48.75,476,476.99613300258153
2188,48.77,476,476.5714371416646
2189,48.79,485,476.14585884309224
2190,48.81,472,475.71942643938604
2191,48.83,520,475.29216867008466
2192,48.85,515,474.86411468217034
2193,48.87,493,474.43529403406575
2194,48.89,466,474.0057366945266
2195,48.91,463,473.57547304781735
2196,48.93,441,473.14453389487153
2197,48.95,500,472.71295045569883
2198,48.97,478,472.28075437102825
2199,48.99,497,471.84797770520674
2200,49.01,485,471.4146529466566
2201,49.03,489,470.9808130148435
2202,49.05,461,470.54649125565965
2203,49.07,439,470.1117214489789
2204,49.09,478,469.67653780836946
2205,49.11,482,469.24097498570643
2206,49.13,458,468.8050680699741
2207,49.15,487,468.36885259202467
2208,49.17,490,467.9323645264184
2209,49.19,477,467.49564029251616
2210,49.21,504,467.05871675886885
2211,49.23,478,466.6216312439038
2212,49.25,454,466.1844215179838
2213,49.27,474,465.7471258074346
2214,49.29,491,465.30978279522355
2215,49.31,441,464.8724316231582
2216,49.33,462,464.43511189555613
2217,49.35,490,463.99786368078554
2218,49.37,477,463.5607275136429
2219,49.39,478,463.1237443969604
2220,49.41,482,462.68695580583756
2221,49.43,457,462.25040368720687
2222,49.45,455,461.81413046566365
2223,49.47,467,461.3781790425767
2224,49.49,476,460.9425927997856
2225,49.51,459,460.50741560200464
2226,49.53,473,460.0726917999802
2227,49.55,473,459.63846623083566
2228,49.57,481,459.20478422198426
2229,49.59,448,458.77169159528455
2230,49.61,487,458.3392346622145
2231,49.63,472,457.9074602369294
2232,49.65,435,457.4764156300778
2233,49.67,484,457.04614865334173
2234,49.69,451,456.61670762690574
2235,49.71,481,456.1881413728704
2236,49.73,448,455.76049922538783
2237,49.75,458,455.3338310287391
2238,49.77,451,454.90818714324655
2239,49.79,457,454.4836184433248
2240,49.81,441,454.06017632363444
2241,49.83,474,453.637912700149
2242,49.85,512,453.21688001334843
2243,49.87,452,452.79713122731266
2244,49.89,446,452.37871983927636
2245,49.91,473,451.96169987275397
2246,49.93,481,451.54612588992427
2247,49.95,473,451.13205298550656
2248,49.97,460,450.7195367949933
2249,49.99,462,450.308633493267
