,x,y,y_pred
0,5.01,2254,2460.158986024919
1,5.03,2330,2457.2722138975464
2,5.05,2222,2454.3562191152137
3,5.07,2269,2451.4116492845656
4,5.09,2272,2448.4391474168888
5,5.11,2273,2445.439351945651
6,5.13,2231,2442.4128967440315
7,5.15,2233,2439.3604111423965
8,5.17,2372,2436.2825199457366
9,5.19,2229,2433.17984345108
10,5.21,2274,2430.052997464855
11,5.23,2235,2426.902593320223
12,5.25,2306,2423.7292378943757
13,5.27,2224,2420.5335336257876
14,5.29,2244,2417.3160785314444
15,5.31,2334,2414.0774662240124
16,5.33,2236,2410.818285929006
17,5.35,2213,2407.5391225018793
18,5.37,2207,2404.2405564451137
19,5.39,2214,2400.9231639252394
20,5.41,2308,2397.587516789851
21,5.43,2241,2394.2341825845688
22,5.45,2282,2390.8637245699465
23,5.47,2269,2387.4767017383965
24,5.49,2294,2384.073668831006
25,5.51,2260,2380.6551763543875
26,5.53,2336,2377.221770597433
27,5.55,2271,2373.7739936480725
28,5.57,2249,2370.312383409988
29,5.59,2239,2366.8374736192673
30,5.61,2174,2363.3497938610512
31,5.63,2302,2359.8498695861376
32,5.65,2248,2356.3382221275315
33,5.67,2219,2352.8153687169747
34,5.69,2362,2349.2818225014476
35,5.71,2306,2345.7380925596094
36,5.73,2208,2342.1846839182285
37,5.75,2344,2338.622097568554
38,5.77,2270,2335.0508304826685
39,5.79,2206,2331.4713756297942
40,5.81,2327,2327.8842219925737
41,5.83,2266,2324.289854583302
42,5.85,2190,2320.6887544601313
43,5.87,2216,2317.0813987432402
44,5.89,2231,2313.4682606309557
45,5.91,2269,2309.84980941586
46,5.93,2328,2306.22651050084
47,5.95,2212,2302.598825415117
48,5.97,2216,2298.9672118302287
49,5.99,2302,2295.3321235759904
50,6.01,2227,2291.6940106564
51,6.03,2143,2288.0533192655303
52,6.05,2261,2284.4104918033627
53,6.07,2150,2280.7659668916053
54,6.09,2212,2277.1201793894716
55,6.11,2286,2273.4735604094026
56,6.13,2333,2269.8265373327868
57,6.15,2268,2266.179533825626
58,6.17,2157,2262.5329698541555
59,6.19,2255,2258.887261700461
60,6.21,2202,2255.2428219780154
61,6.23,2234,2251.6000596472427
62,6.25,2213,2247.959380030965
63,6.27,2252,2244.3211848298974
64,6.29,2200,2240.685872138052
65,6.31,2159,2237.053836458121
66,6.33,2176,2233.4254687168373
67,6.35,2350,2229.8011562802917
68,6.37,2259,2226.1812829692017
69,6.39,2195,2222.566229074174
70,6.41,2180,2218.956371370898
71,6.43,2237,2215.352083135343
72,6.45,2177,2211.7537341588854
73,6.47,2180,2208.161690763416
74,6.49,2257,2204.576315816421
75,6.51,2173,2200.997968746011
76,6.53,2092,2197.4270055559286
77,6.55,2238,2193.8637788405126
78,6.57,2193,2190.308637799636
79,6.59,2293,2186.7619282535998
80,6.61,2155,2183.223992658004
81,6.63,2209,2179.695170118565
82,6.65,2173,2176.1757964059243
83,6.67,2165,2172.666203970405
84,6.69,2278,2169.166721956727
85,6.71,2278,2165.6776762187214
86,6.73,2228,2162.199389333967
87,6.75,2129,2158.732180618421
88,6.77,2219,2155.2763661410095
89,6.79,2160,2151.832258738181
90,6.81,2163,2148.400168028428
91,6.83,2115,2144.980400426768
92,6.85,2239,2141.5732591592023
93,6.87,2128,2138.1790442771335
94,6.89,2102,2134.798052671739
95,6.91,2145,2131.4305780883337
96,6.93,2152,2128.076911140681
97,6.95,2133,2124.7373393252687
98,6.97,2102,2121.412147035568
99,6.99,2140,2118.1016155762422
100,7.01,2141,2114.806023177318
101,7.03,2158,2111.52564500835
102,7.05,2105,2108.2607531925105
103,7.07,2037,2105.011616820698
104,7.09,2149,2101.7785019655457
105,7.11,2111,2098.5616716954664
106,7.13,2161,2095.361386088607
107,7.15,2169,2092.1779022468018
108,7.17,2161,2089.011474309481
109,7.19,2137,2085.862353467552
110,7.21,2152,2082.730787977235
111,7.23,2181,2079.6170231738765
112,7.25,2206,2076.5213014857227
113,7.27,2193,2073.4438624476766
114,7.29,2141,2070.3849427149726
115,7.31,2170,2067.344776076899
116,7.33,2170,2064.3235934704107
117,7.35,2219,2061.3216229937293
118,7.37,2243,2058.339089919964
119,7.39,2199,2055.3762167106006
120,7.41,2069,2052.4332230290474
121,7.43,2096,2049.510325754104
122,7.45,2143,2046.6077389933926
123,7.47,2129,2043.7256740967832
124,7.49,2097,2040.8643396697685
125,7.51,2126,2038.0239415868027
126,7.53,2103,2035.204683004616
127,7.55,2098,2032.406764375487
128,7.57,2114,2029.6303834605042
129,7.59,2105,2026.8757353427595
130,7.61,2155,2024.143012440541
131,7.63,2077,2021.4324045204808
132,7.65,2075,2018.7440987106584
133,7.67,2169,2016.0782795137015
134,7.69,2126,2013.4351288197968
135,7.71,2138,2010.8148259197528
136,7.73,2146,2008.217547517961
137,7.75,2158,2005.6434677453449
138,7.77,2161,2003.092758172279
139,7.79,2071,2000.5655878214775
140,7.81,2193,1998.0621231808586
141,7.83,2121,1995.5825282163446
142,7.85,2154,1993.1269643846654
143,7.87,2178,1990.6955906461076
144,7.89,2099,1988.2885634772447
145,7.91,2161,1985.9060368836244
146,7.93,2109,1983.5481624124254
147,7.95,2180,1981.2150891651
148,7.97,2089,1978.9069638099322
149,7.99,2161,1976.6239305946474
150,8.01,2091,1974.3661313589205
151,8.03,2041,1972.133705546859
152,8.05,2132,1969.9267902195043
153,8.07,2035,1967.745520067227
154,8.09,2050,1965.5900274221653
155,8.11,2023,1963.4604422705697
156,8.13,2134,1961.3568922651475
157,8.15,2141,1959.2795027373909
158,8.17,2152,1957.228396709816
159,8.19,2207,1955.2036949082344
160,8.21,2102,1953.2055157739487
161,8.23,2031,1951.2339754759246
162,8.25,2059,1949.2891879229774
163,8.27,2100,1947.3712647758398
164,8.29,2128,1945.48031545928
165,8.31,2123,1943.6164471741276
166,8.33,2067,1941.7797649093254
167,8.35,2051,1939.9703714538932
168,8.37,2084,1938.1883674088976
169,8.39,1982,1936.4338511993715
170,8.41,2110,1934.7069190862335
171,8.43,2151,1933.0076651781055
172,8.45,2044,1931.3361814431855
173,8.47,2078,1929.6925577210436
174,8.49,2124,1928.07688173436
175,8.51,2097,1926.4892391007138
176,8.53,2158,1924.9297133442437
177,8.55,2045,1923.3983859073596
178,8.57,2080,1921.8953361623503
179,8.59,2050,1920.4206414230393
180,8.61,2027,1918.974376956332
181,8.63,2133,1917.556615993797
182,8.65,2092,1916.167429743156
183,8.67,1997,1914.8068873997981
184,8.69,2153,1913.47505615823
185,8.71,2057,1912.1720012235064
186,8.73,2050,1910.8977858226053
187,8.75,2063,1909.6524712158407
188,8.77,2078,1908.436116708138
189,8.79,2132,1907.2487796604046
190,8.81,2018,1906.0905155007445
191,8.83,2027,1904.9613777357345
192,8.85,2050,1903.8614179616225
193,8.87,2028,1902.7906858755255
194,8.89,2040,1901.7492292865545
195,8.91,2088,1900.7370941269637
196,8.93,2095,1899.7543244632252
197,8.95,1984,1898.8009625070736
198,8.97,2049,1897.877048626582
199,8.99,2032,1896.982621357105
200,9.01,2151,1896.1177174122754
201,9.03,2098,1895.2823716949497
202,9.05,2018,1894.4766173081016
203,9.07,1980,1893.7004855656928
204,9.09,2107,1892.9540060035351
205,9.11,2082,1892.237206390097
206,9.13,1975,1891.5501127373113
207,9.15,1998,1890.8927493112942
208,9.17,2033,1890.2651386431035
209,9.19,1962,1889.6673015394226
210,9.21,2077,1889.099257093218
211,9.23,2102,1888.5610226943973
212,9.25,2112,1888.0526140403913
213,9.27,2072,1887.5740451467477
214,9.29,2092,1887.125328357683
215,9.31,1941,1886.7064743565638
216,9.33,1922,1886.3174921764376
217,9.35,1953,1885.9583892104529
218,9.37,2034,1885.629171222312
219,9.39,2100,1885.329842356658
220,9.41,2054,1885.0604051494338
221,9.43,2001,1884.8208605382442
222,9.45,2011,1884.6112078726396
223,9.47,2016,1884.4314449244066
224,9.49,2077,1884.2815678978077
225,9.51,1955,1884.1615714398158
226,9.53,2048,1884.0714486502975
227,9.55,2081,1884.0111910921619
228,9.57,2019,1883.9807888015148
229,9.59,2009,1883.9802302977464
230,9.61,2003,1884.0095025935925
231,9.63,2100,1884.0685912052168
232,9.65,2002,1884.1574801621673
233,9.67,2027,1884.2761520174195
234,9.69,2016,1884.4245878572874
235,9.71,1912,1884.6027673113776
236,9.73,1981,1884.8106685624648
237,9.75,2030,1885.0482683563869
238,9.77,2076,1885.3155420118492
239,9.79,2072,1885.6124634302714
240,9.81,2023,1885.939005105548
241,9.83,2032,1886.2951381337857
242,9.85,2055,1886.6808322230522
243,9.87,1986,1887.0960557030703
244,9.89,2058,1887.540775534872
245,9.91,2062,1888.0149573204244
246,9.93,2032,1888.5185653122599
247,9.95,2058,1889.0515624230452
248,9.97,1974,1889.6139102351249
249,9.99,2004,1890.205569010051
250,10.01,2016,1890.8264976981018
251,10.03,2012,1891.4766539476677
252,10.05,2034,1892.1559941147666
253,10.07,2003,1892.8644732724279
254,10.09,1980,1893.6020452200514
255,10.11,2008,1894.3686624927777
256,10.13,1980,1895.1642763708014
257,10.15,2042,1895.9888368886654
258,10.17,2008,1896.8422928445184
259,10.19,2071,1897.7245918093722
260,10.21,1991,1898.6356801362926
261,10.23,2003,1899.575502969582
262,10.25,1961,1900.5440042539276
263,10.27,1988,1901.5411267435406
264,10.29,2020,1902.5668120112327
265,10.31,1988,1903.621000457496
266,10.33,2020,1904.703631319525
267,10.35,1984,1905.8146426802646
268,10.37,1877,1906.9539714773332
269,10.39,2039,1908.1215535120523
270,10.41,1983,1909.3173234583119
271,10.43,2005,1910.5412148714768
272,10.45,1973,1911.7931601973037
273,10.47,2041,1913.0730907807351
274,10.49,1968,1914.380936874748
275,10.51,1999,1915.7166276491039
276,10.53,1946,1917.0800911991405
277,10.55,2017,1918.4712545545117
278,10.57,2020,1919.890043687859
279,10.59,1995,1921.3363835235014
280,10.61,1953,1922.8101979461144
281,10.63,1941,1924.3114098092888
282,10.65,1916,1925.83994094419
283,10.67,1886,1927.3957121680837
284,10.69,2041,1928.9786432928927
285,10.71,2031,1930.588653133716
286,10.73,1943,1932.2256595172657
287,10.75,2047,1933.8895792903922
288,10.77,2029,1935.5803283284795
289,10.79,1981,1937.297821543828
290,10.81,2007,1939.0419728940797
291,10.83,1995,1940.8126953905034
292,10.85,1945,1942.6099011063975
293,10.87,2029,1944.4335011852795
294,10.89,1996,1946.2834058492372
295,10.91,2053,1948.1595244071623
296,10.93,1948,1950.0617652628985
297,10.95,2011,1951.9900359234894
298,10.97,2007,1953.9442430073059
299,10.99,1984,1955.9242922522012
300,11.01,1977,1957.9300885235912
301,11.03,1990,1959.961535822537
302,11.05,1918,1962.0185372938145
303,11.07,1867,1964.1009952339305
304,11.09,1990,1966.2088110990753
305,11.11,1970,1968.3418855131745
306,11.13,1971,1970.5001182757692
307,11.15,1996,1972.6834083699573
308,11.17,1889,1974.8916539702818
309,11.19,2037,1977.1247524505975
310,11.21,2050,1979.3826003918812
311,11.23,2054,1981.665093590102
312,11.25,1956,1983.9721270639338
313,11.27,2032,1986.3035950625713
314,11.29,1946,1988.659391073425
315,11.31,1973,1991.0394078298432
316,11.33,1992,1993.4435373187825
317,11.35,1986,1995.8716707884837
318,11.37,1929,1998.3236987560276
319,11.39,1971,2000.7995110150418
320,11.41,1990,2003.2989966432046
321,11.43,1976,2005.8220440097652
322,11.45,2003,2008.3685407831422
323,11.47,2089,2010.9383739383834
324,11.49,1960,2013.5314297646182
325,11.51,1968,2016.1475938725075
326,11.53,1993,2018.78675120168
327,11.55,2002,2021.4487860281133
328,11.57,1904,2024.1335819714873
329,11.59,2085,2026.8410220025444
330,11.61,2050,2029.5709884503858
331,11.63,1970,2032.3233630097357
332,11.65,2048,2035.0980267482782
333,11.67,1980,2037.894860113825
334,11.69,1989,2040.713742941537
335,11.71,2057,2043.5545544611305
336,11.73,1872,2046.4171733040175
337,11.75,2076,2049.3014775104516
338,11.77,1900,2052.2073445366145
339,11.79,1918,2055.134651261737
340,11.81,2036,2058.0832739951015
341,11.83,1931,2061.053088483113
342,11.85,1976,2064.0439699163203
343,11.87,2012,2067.0557929363154
344,11.89,2033,2070.088431642785
345,11.91,2008,2073.1417596003957
346,11.93,1990,2076.21564984567
347,11.95,1967,2079.3099748939317
348,11.97,2006,2082.4246067460895
349,11.99,1977,2085.559416895511
350,12.01,1988,2088.7142763348193
351,12.03,1996,2091.88905556265
352,12.05,1951,2095.0836245904484
353,12.07,2038,2098.297852949119
354,12.09,2099,2101.5316096958118
355,12.11,2086,2104.784763420578
356,12.13,1982,2108.0571822529587
357,12.15,2029,2111.3487338687223
358,12.17,1964,2114.6592854963524
359,12.19,1985,2117.9887039237406
360,12.21,2062,2121.336855504633
361,12.23,1977,2124.70360616524
362,12.25,2029,2128.088821410681
363,12.27,1973,2131.49236633153
364,12.29,1989,2134.9141056101785
365,12.31,2037,2138.353903527351
366,12.33,2009,2141.811623968478
367,12.35,1935,2145.2871304300506
368,12.37,2090,2148.7802860260235
369,12.39,2004,2152.2909534941155
370,12.41,1939,2155.8189952021166
371,12.43,2041,2159.3642731541845
372,12.45,2004,2162.9266489970987
373,12.47,1983,2166.5059840265044
374,12.49,2023,2170.102139193068
375,12.51,2002,2173.714975108749
376,12.53,2053,2177.3443520528917
377,12.55,1980,2180.990129978394
378,12.57,2016,2184.652168517795
379,12.59,2016,2188.3303269894095
380,12.61,2073,2192.0244644033505
381,12.63,2032,2195.7344394675524
382,12.65,2073,2199.4601105938596
383,12.67,2096,2203.2013359039456
384,12.69,2039,2206.957973235331
385,12.71,1978,2210.7298801472925
386,12.73,2147,2214.516913926778
387,12.75,2047,2218.318931594362
388,12.77,2012,2222.1357899100612
389,12.79,2187,2225.9673453791893
390,12.81,2106,2229.8134542581984
391,12.83,2137,2233.6739725604625
392,12.85,2138,2237.5487560620977
393,12.87,2144,2241.4376603076603
394,12.89,2083,2245.3405406158904
395,12.91,1969,2249.257252085455
396,12.93,2045,2253.187649600579
397,12.95,2014,2257.1315878367486
398,12.97,2180,2261.0889212663174
399,12.99,2076,2265.059504164114
400,13.01,2002,2269.043190613106
401,13.03,2104,2273.039834509812
402,13.05,2072,2277.049289570028
403,13.07,2177,2281.071409334208
404,13.09,2068,2285.106047172996
405,13.11,2053,2289.1530562927474
406,13.13,2069,2293.2122897409176
407,13.15,2119,2297.283600411492
408,13.17,2129,2301.3668410504692
409,13.19,2058,2305.4618642610862
410,13.21,2092,2309.5685225093453
411,13.23,2058,2313.6866681292295
412,13.25,2089,2317.8161533280672
413,13.27,2099,2321.956830191781
414,13.29,2202,2326.1085506902264
415,13.31,2154,2330.27116668232
416,13.33,2107,2334.444529921376
417,13.35,2056,2338.628492060192
418,13.37,2144,2342.8229046563156
419,13.39,2114,2347.027619177161
420,13.41,2140,2351.2424870050995
421,13.43,2157,2355.46735944263
422,13.45,2204,2359.7020877173873
423,13.47,2129,2363.946522987272
424,13.49,2188,2368.200516345459
425,13.51,2148,2372.4639188254064
426,13.53,2027,2376.7365814058294
427,13.55,2231,2381.018355015707
428,13.57,2166,2385.309090539209
429,13.59,2154,2389.608638820654
430,13.61,2130,2393.916850669322
431,13.63,2130,2398.2335768644384
432,13.65,2181,2402.5586681599757
433,13.67,2259,2406.8919752895176
434,13.69,2224,2411.233348971027
435,13.71,2251,2415.582639911653
436,13.73,2218,2419.9396988125645
437,13.75,2234,2424.304376373583
438,13.77,2179,2428.6765232980015
439,13.79,2091,2433.055990297231
440,13.81,2185,2437.4426280955254
441,13.83,2238,2441.83628743458
442,13.85,2299,2446.236819078249
443,13.87,2231,2450.644073817081
444,13.89,2229,2455.0579024729304
445,13.91,2278,2459.4781559035678
446,13.93,2297,2463.904685007202
447,13.95,2263,2468.337340726983
448,13.97,2311,2472.7759740555707
449,13.99,2298,2477.220436039536
450,14.01,2275,2481.6705777838756
451,14.03,2198,2486.1262504564625
452,14.05,2442,2490.5873052924258
453,14.07,2284,2495.0535935985404
454,14.09,2268,2499.524966757667
455,14.11,2246,2504.00127623307
456,14.13,2326,2508.482373572699
457,14.15,2287,2512.968110413571
458,14.17,2349,2517.4583384860316
459,14.19,2300,2521.95290961803
460,14.21,2322,2526.4516757393653
461,14.23,2405,2530.9544888858877
462,14.25,2311,2535.46120120375
463,14.27,2337,2539.97166495352
464,14.29,2206,2544.4857325144267
465,14.31,2346,2549.0032563884347
466,14.33,2367,2553.5240892043976
467,14.35,2306,2558.048083722128
468,14.37,2390,2562.57509283654
469,14.39,2370,2567.104969581614
470,14.41,2302,2571.63756713449
471,14.43,2346,2576.1727388194404
472,14.45,2418,2580.710338111934
473,14.47,2363,2585.2502186425395
474,14.49,2346,2589.7922342009288
475,14.51,2349,2594.3362387397146
476,14.53,2375,2598.8820863785013
477,14.55,2342,2603.429631407671
478,14.57,2406,2607.978728292261
479,14.59,2393,2612.5292316758564
480,14.61,2410,2617.0809963843867
481,14.63,2445,2621.633877429925
482,14.65,2371,2626.187730014509
483,14.67,2483,2630.7424095338497
484,14.69,2427,2635.2977715811294
485,14.71,2441,2639.8536719507106
486,14.73,2350,2644.409966641818
487,14.75,2494,2648.9665118622615
488,14.77,2453,2653.5231640320635
489,14.79,2441,2658.079779787116
490,14.81,2427,2662.636215982807
491,14.83,2436,2667.192329697594
492,14.85,2556,2671.747978236642
493,14.87,2499,2676.3030191353796
494,14.89,2473,2680.8573101629313
495,14.91,2492,2685.4107093257894
496,14.93,2485,2689.963074871233
497,14.95,2568,2694.514265290774
498,14.97,2496,2699.064139323791
499,14.99,2443,2703.612555960706
500,15.01,2556,2708.159374446643
501,15.03,2507,2712.704454284723
502,15.05,2404,2717.247655239389
503,15.07,2538,2721.7888373399715
504,15.09,2549,2726.3278608837213
505,15.11,2546,2730.8645864394434
506,15.13,2555,2735.398874850626
507,15.15,2452,2739.93058723874
508,15.17,2512,2744.459585006491
509,15.19,2560,2748.9857298411725
510,15.21,2534,2753.5088837177823
511,15.23,2505,2758.028908902194
512,15.25,2492,2762.5456679544695
513,15.27,2501,2767.0590237319525
514,15.29,2500,2771.5688393923724
515,15.31,2546,2776.074978397073
516,15.33,2556,2780.577304514012
517,15.35,2566,2785.0756818209306
518,15.37,2635,2789.5699747084127
519,15.39,2525,2794.0600478828537
520,15.41,2565,2798.5457663695834
521,15.43,2617,2803.026995515833
522,15.45,2522,2807.503600993766
523,15.47,2536,2811.9754488033504
524,15.49,2576,2816.4424052754575
525,15.51,2550,2820.904337074672
526,15.53,2585,2825.3611112022595
527,15.55,2627,2829.8125949990563
528,15.57,2625,2834.258656148365
529,15.59,2603,2838.6991626787867
530,15.61,2595,2843.133982967059
531,15.63,2632,2847.562985740902
532,15.65,2590,2851.9860400817565
533,15.67,2627,2856.403015427658
534,15.69,2511,2860.8137815759837
535,15.71,2560,2865.218208686066
536,15.73,2647,2869.616167282125
537,15.75,2602,2874.0075282558146
538,15.77,2605,2878.3921628689873
539,15.79,2725,2882.769942756346
540,15.81,2612,2887.1407399281165
541,15.83,2712,2891.5044267725966
542,15.85,2602,2895.8608760589195
543,15.87,2705,2900.2099609395073
544,15.89,2694,2904.5515549527604
545,15.91,2684,2908.885532025514
546,15.93,2696,2913.211766475627
547,15.95,2622,2917.5301330145735
548,15.97,2769,2921.8405067497997
549,15.99,2661,2926.1427631873785
550,16.01,2650,2930.436778234303
551,16.03,2696,2934.722428201122
552,16.05,2758,2938.9995898041757
553,16.07,2692,2943.2681401681875
554,16.09,2743,2947.527956828525
555,16.11,2724,2951.778917733685
556,16.13,2807,2956.0209012475625
557,16.15,2668,2960.2537861518667
558,16.17,2677,2964.477451648392
559,16.19,2789,2968.6917773613345
560,16.21,2758,2972.8966433395917
561,16.23,2855,2977.0919300590217
562,16.25,2728,2981.277518424767
563,16.27,2841,2985.453289773353
564,16.29,2730,2989.6191258749636
565,16.31,2826,2993.7749089357326
566,16.33,2776,2997.920521599772
567,16.35,2743,3002.055846951477
568,16.37,2774,3006.1807685175418
569,16.39,2865,3010.2951702692067
570,16.41,2778,3014.3989366242326
571,16.43,2893,3018.4919524492248
572,16.45,2835,3022.574103061397
573,16.47,2834,3026.6452742309175
574,16.49,2817,3030.7053521827706
575,16.51,2782,3034.754223598856
576,16.53,2775,3038.791775619971
577,16.55,2742,3042.817895847798
578,16.57,2836,3046.832472346942
579,16.59,2822,3050.8353936467506
580,16.61,2917,3054.826548743379
581,16.63,2921,3058.8058271016944
582,16.65,2897,3062.7731186570622
583,16.67,2909,3066.728313817377
584,16.69,2915,3070.6713034649374
585,16.71,2936,3074.6019789581105
586,16.73,2973,3078.5202321333754
587,16.75,2910,3082.4259553070583
588,16.77,2992,3086.3190412770787
589,16.79,2913,3090.199383324875
590,16.81,2996,3094.0668752170113
591,16.83,2978,3097.921411207101
592,16.85,2908,3101.7628860373757
593,16.87,3027,3105.591194940502
594,16.89,2930,3109.4062336412403
595,16.91,2914,3113.2078983581832
596,16.93,3011,3116.996085805402
597,16.95,2959,3120.7706931939497
598,16.97,3046,3124.5316182338483
599,16.99,3067,3128.2787591353185
600,17.01,3037,3132.0120146106
601,17.03,3061,3135.7312838755165
602,17.05,2932,3139.436466651004
603,17.07,3084,3143.1274631646556
604,17.09,2910,3146.804174152305
605,17.11,3010,3150.466500859543
606,17.13,3054,3154.1143450431714
607,17.15,3014,3157.7476089726943
608,17.17,3078,3161.3661954318673
609,17.19,3046,3164.9700077200714
610,17.21,3090,3168.5589496538178
611,17.23,3149,3172.1329255680666
612,17.25,3060,3175.6918403178124
613,17.27,3133,3179.2355992792227
614,17.29,3057,3182.764108351293
615,17.31,3109,3186.2772739569696
616,17.33,3211,3189.7750030446746
617,17.35,3112,3193.257203089459
618,17.37,3179,3196.7237820945024
619,17.39,3175,3200.174648592277
620,17.41,3135,3203.6097116458086
621,17.43,3192,3207.028880850098
622,17.45,3170,3210.432066333205
623,17.47,3156,3213.8191787574906
624,17.49,3096,3217.190129321024
625,17.51,3163,3220.5448297585517
626,17.53,3125,3223.8831923427683
627,17.55,3197,3227.205129885586
628,17.57,3129,3230.510555739121
629,17.59,3223,3233.7993837969566
630,17.61,3200,3237.0715284951843
631,17.63,3104,3240.3269048136053
632,17.65,3174,3243.565428276735
633,17.67,3346,3246.787014954924
634,17.69,3222,3249.991581465444
635,17.71,3159,3253.1790449734826
636,17.73,3298,3256.349323193196
637,17.75,3232,3259.5023343887065
638,17.77,3239,3262.637997375207
639,17.79,3238,3265.7562315197665
640,17.81,3219,3268.8569567424875
641,17.83,3293,3271.9400935173553
642,17.85,3189,3275.0055628731448
643,17.87,3183,3278.053286394518
644,17.89,3289,3281.0831862227787
645,17.91,3295,3284.0951850567285
646,17.93,3201,3287.0892061537475
647,17.95,3293,3290.065173330516
648,17.97,3405,3293.0230109639024
649,17.99,3310,3295.962643991786
650,18.01,3363,3298.883997913888
651,18.03,3263,3301.786998792587
652,18.05,3420,3304.671573253771
653,18.07,3283,3307.537648487454
654,18.09,3343,3310.3851522487216
655,18.11,3423,3313.2140128583706
656,18.13,3340,3316.024159203653
657,18.15,3370,3318.815520739087
658,18.17,3380,3321.5880274870415
659,18.19,3366,3324.3416100384898
660,18.21,3383,3327.07619955367
661,18.23,3375,3329.791727762803
662,18.25,3420,3332.4881269666653
663,18.27,3423,3335.1653300372236
664,18.29,3427,3337.823270418369
665,18.31,3383,3340.461882126338
666,18.33,3425,3343.0810997505114
667,18.35,3440,3345.680858453834
668,18.37,3386,3348.2610939733936
669,18.39,3412,3350.8217426210645
670,18.41,3403,3353.3627412839955
671,18.43,3477,3355.884027425144
672,18.45,3583,3358.3855390836297
673,18.47,3582,3360.8672148755422
674,18.49,3410,3363.3289939941096
675,18.51,3472,3365.7708162103895
676,18.53,3512,3368.192621873514
677,18.55,3567,3370.5943519114157
678,18.57,3519,3372.9759478308824
679,18.59,3517,3375.337351718341
680,18.61,3529,3377.6785062399704
681,18.63,3593,3379.9993546421515
682,18.65,3515,3382.299840752059
683,18.67,3492,3384.579908977671
684,18.69,3567,3386.8395043083524
685,18.71,3630,3389.0785723150925
686,18.73,3647,3391.2970591508106
687,18.75,3514,3393.4949115507657
688,18.77,3648,3395.6720768327114
689,18.79,3594,3397.8285028972105
690,18.81,3582,3399.9641382280224
691,18.83,3599,3402.0789318920265
692,18.85,3634,3404.1728335399084
693,18.87,3617,3406.2457934060703
694,18.89,3620,3408.2977623088573
695,18.91,3583,3410.328691650842
696,18.93,3602,3412.338533419051
697,18.95,3643,3414.327240184986
698,18.97,3657,3416.2947651049017
699,18.99,3645,3418.241061919906
700,19.01,3656,3420.166084956065
701,19.03,3691,3422.0697891246073
702,19.05,3690,3423.9521299218395
703,19.07,3642,3425.813063429611
704,19.09,3778,3427.6525463148673
705,19.11,3657,3429.4705358301535
706,19.13,3679,3431.2669898136082
707,19.15,3819,3433.0418666886776
708,19.17,3640,3434.7951254646046
709,19.19,3632,3436.526725736043
710,19.21,3747,3438.236627683358
711,19.23,3704,3439.924792072445
712,19.25,3665,3441.5911802547166
713,19.27,3797,3443.235754167175
714,19.29,3709,3444.8584763323106
715,19.31,3658,3446.4593098579617
716,19.33,3860,3448.0382184373047
717,19.35,3719,3449.595166348801
718,19.37,3879,3451.130118456214
719,19.39,3749,3452.643040208057
720,19.41,3715,3454.133897638022
721,19.43,3858,3455.602657364528
722,19.45,3704,3457.0492865906176
723,19.47,3783,3458.4737531038995
724,19.49,3828,3459.8760252761826
725,19.51,3900,3461.2560720634797
726,19.53,3761,3462.6138630058304
727,19.55,3705,3463.9493682268585
728,19.57,3769,3465.262558433864
729,19.59,3738,3466.5534049172707
730,19.61,3844,3467.8218795507355
731,19.63,3876,3469.0679547905333
732,19.65,3777,3470.291603675523
733,19.67,3875,3471.492799826997
734,19.69,3860,3472.6715174478195
735,19.71,3835,3473.82773132287
736,19.73,3831,3474.961416818185
737,19.75,3992,3476.0725498809256
738,19.77,3768,3477.161107038826
739,19.79,3788,3478.227065399975
740,19.81,3822,3479.270402652488
741,19.83,3936,3480.291097064113
742,19.85,3936,3481.2891274817
743,19.87,3977,3482.2644733309535
744,19.89,3990,3483.2171146161045
745,19.91,3880,3484.1470319192035
746,19.93,3905,3485.054206400041
747,19.95,3810,3485.93861979543
748,19.97,3988,3486.800254418957
749,19.99,4007,3487.6390931602728
750,20.01,3952,3488.4551194848646
751,20.03,3813,3489.2483174335725
752,20.05,3958,3490.018671621788
753,20.07,4093,3490.766167239322
754,20.09,3810,3491.490790049679
755,20.11,3960,3492.1925263895037
756,20.13,3978,3492.8713631681812
757,20.15,3751,3493.5272878670985
758,20.17,3923,3494.160288539381
759,20.19,4021,3494.770353808997
760,20.21,3908,3495.357472870222
761,20.23,4011,3495.921635487265
762,20.25,4006,3496.4628319935
763,20.27,3879,3496.981053290907
764,20.29,3780,3497.4762908492867
765,20.31,3972,3497.9485367058473
766,20.33,3964,3498.397783464366
767,20.35,4035,3498.8240242947727
768,20.37,3992,3499.227252932071
769,20.39,4031,3499.6074636761923
770,20.41,4035,3499.964651390778
771,20.43,3993,3500.298811502835
772,20.45,3906,3500.609940001905
773,20.47,3946,3500.898033439318
774,20.49,3995,3501.163088927544
775,20.51,3956,3501.4051041392786
776,20.53,3963,3501.624077306873
777,20.55,4051,3501.8200072213717
778,20.57,4028,3501.992893232175
779,20.59,3971,3502.142735245592
780,20.61,4045,3502.269533724575
781,20.63,4022,3502.373289687635
782,20.65,3981,3502.4540047082096
783,20.67,4117,3502.5116809137203
784,20.69,4015,3502.5463209847912
785,20.71,4131,3502.5579281542896
786,20.73,3978,3502.5465062066583
787,20.75,4003,3502.5120594769114
788,20.77,3851,3502.4545928497423
789,20.79,4083,3502.3741117589047
790,20.81,3916,3502.2706221857256
791,20.83,3942,3502.1441306589513
792,20.85,4006,3501.9946442532855
793,20.87,4086,3501.822170588649
794,20.89,3933,3501.626717829323
795,20.91,4090,3501.4082946827084
796,20.93,3897,3501.166910398845
797,20.95,4055,3500.9025747691235
798,20.97,3983,3500.6152981251566
799,20.99,3928,3500.305091338282
800,21.01,3967,3499.971965818189
801,21.03,3962,3499.615933511986
802,21.05,3984,3499.2370069033127
803,21.07,3979,3498.835199011203
804,21.09,4019,3498.410523389106
805,21.11,4081,3497.9629941237836
806,21.13,3983,3497.492625834456
807,21.15,3997,3496.9994336713517
808,21.17,4060,3496.4834333151784
809,21.19,4071,3495.9446409755365
810,21.21,4099,3495.383073390167
811,21.23,3923,3494.798747823701
812,21.25,3998,3494.191682066589
813,21.27,4042,3493.561894434062
814,21.29,3919,3492.9094037647933
815,21.31,4135,3492.2342294202263
816,21.33,4083,3491.536391282737
817,21.35,3996,3490.8159097552757
818,21.37,3939,3490.0728057594856
819,21.39,4099,3489.3071007349586
820,21.41,3980,3488.5188166381595
821,21.43,4051,3487.7079759407893
822,21.45,4016,3486.874601628933
823,21.47,4128,3486.0187172018664
824,21.49,4074,3485.1403466706493
825,21.51,4130,3484.2395145571
826,21.53,4142,3483.3162458924216
827,21.55,4011,3482.3705662160046
828,21.57,4018,3481.402501574369
829,21.59,3983,3480.41207851953
830,21.61,4011,3479.3993241080448
831,21.63,3984,3478.3642658997233
832,21.65,3954,3477.3069319561546
833,21.67,4076,3476.227350839615
834,21.69,3987,3475.125551611853
835,21.71,4051,3474.0015638324435
836,21.73,3936,3472.8554175575646
837,21.75,3922,3471.6871433391307
838,21.77,3984,3470.496772222713
839,21.79,4008,3469.2843357470883
840,21.81,3860,3468.0498659418977
841,21.83,3998,3466.793395327341
842,21.85,4029,3465.5149569117816
843,21.87,3961,3464.214584191241
844,21.89,3928,3462.892311147561
845,21.91,3989,3461.548172247152
846,21.93,3912,3460.1822024395124
847,21.95,3909,3458.7944371558283
848,21.97,4058,3457.384912307874
849,21.99,3850,3455.953664286068
850,22.01,3900,3454.500729958731
851,22.03,3985,3453.026146669746
852,22.05,3882,3451.5299522379432
853,22.07,3932,3450.012184955395
854,22.09,4086,3448.4728835857495
855,22.11,3853,3446.9120873630436
856,22.13,4002,3445.3298359900336
857,22.15,3938,3443.7261696367646
858,22.17,3859,3442.101128939347
859,22.19,3953,3440.4547549979693
860,22.21,3886,3438.787089375971
861,22.23,3800,3437.098174097801
862,22.25,3775,3435.3880516477925
863,22.27,3886,3433.656764968737
864,22.29,3867,3431.904357459932
865,22.31,3882,3430.1308729762936
866,22.33,3882,3428.336355826159
867,22.35,3748,3426.5208507702937
868,22.37,3955,3424.684403019559
869,22.39,3818,3422.827058234431
870,22.41,3741,3420.948862522595
871,22.43,3794,3419.0498624375846
872,22.45,3834,3417.1301049773547
873,22.47,3755,3415.189637582537
874,22.49,3879,3413.228508134793
875,22.51,3785,3411.2467649553937
876,22.53,3768,3409.244456803441
877,22.55,3822,3407.221632874321
878,22.57,3770,3405.1783427982573
879,22.59,3876,3403.114636638111
880,22.61,3680,3401.0305648885073
881,22.63,3694,3398.926178473416
882,22.65,3852,3396.8015287451685
883,22.67,3799,3394.6566674825426
884,22.69,3681,3392.4916468888196
885,22.71,3633,3390.306519590572
886,22.73,3704,3388.1013386356267
887,22.75,3722,3385.876157491644
888,22.77,3575,3383.631030044121
889,22.79,3721,3381.366010595297
890,22.81,3644,3379.081153861373
891,22.83,3662,3376.776514972086
892,22.85,3627,3374.452149467858
893,22.87,3553,3372.108113298941
894,22.89,3571,3369.744462823122
895,22.91,3524,3367.3612548042292
896,22.93,3506,3364.9585464103648
897,22.95,3528,3362.536395212166
898,22.97,3541,3360.094859180913
899,22.99,3513,3357.6339966869086
900,23.01,3591,3355.153866497592
901,23.03,3444,3352.654527776251
902,23.05,3516,3350.136040079342
903,23.07,3546,3347.5984633553953
904,23.09,3456,3345.0418579431052
905,23.11,3384,3342.466284569522
906,23.13,3395,3339.871804347856
907,23.15,3442,3337.2584787761734
908,23.17,3379,3334.6263697357463
909,23.19,3460,3331.975539488328
910,23.21,3367,3329.3060506753427
911,23.23,3405,3326.6179663154116
912,23.25,3336,3323.9113498027405
913,23.27,3337,3321.186264905257
914,23.29,3416,3318.4427757627914
915,23.31,3458,3315.6809468849947
916,23.33,3224,3312.9008431500747
917,23.35,3270,3310.102529802161
918,23.37,3335,3307.2860724500333
919,23.39,3253,3304.451537064823
920,23.41,3274,3301.598989978382
921,23.43,3255,3298.728497881579
922,23.45,3259,3295.8401278218807
923,23.47,3205,3292.9339472019233
924,23.49,3280,3290.010023777334
925,23.51,3151,3287.0684256549857
926,23.53,3263,3284.109221290978
927,23.55,3117,3281.132479489005
928,23.57,3173,3278.1382693977216
929,23.59,3106,3275.1266605097017
930,23.61,3212,3272.097722658848
931,23.63,3172,3269.051526019172
932,23.65,3185,3265.988141101612
933,23.67,3132,3262.9076387537275
934,23.69,3116,3259.8100901561616
935,23.71,3127,3256.6955668217197
936,23.73,3098,3253.5641405932233
937,23.75,3125,3250.415883641066
938,23.77,3062,3247.250868462142
939,23.79,3099,3244.0691678765666
940,23.81,3123,3240.8708550271876
941,23.83,3198,3237.656003376425
942,23.85,3056,3234.4246867046495
943,23.87,3052,3231.17697910887
944,23.89,2987,3227.9129549994545
945,23.91,3095,3224.63268909906
946,23.93,3012,3221.3362564404374
947,23.95,3076,3218.0237323644615
948,23.97,2952,3214.6951925175945
949,23.99,2945,3211.3507128505703
950,24.01,2940,3207.9903696160604
951,24.03,2948,3204.6142393666823
952,24.05,2979,3201.2223989529607
953,24.07,2932,3197.814925521055
954,24.09,2996,3194.391896511234
955,24.11,2956,3190.9533896554785
956,24.13,2877,3187.499482975233
957,24.15,2863,3184.030254780017
958,24.17,2907,3180.545783664562
959,24.19,2924,3177.0461485075125
960,24.21,2904,3173.531428468956
961,24.23,2791,3170.0017029880937
962,24.25,2888,3166.4570517816414
963,24.27,2835,3162.8975548416784
964,24.29,2913,3159.3232924335716
965,24.31,2843,3155.7343450933954
966,24.33,2834,3152.1307936265193
967,24.35,2801,3148.512719105418
968,24.37,2891,3144.880202867118
969,24.39,2769,3141.2333265113275
970,24.41,2932,3137.572171898607
971,24.43,2777,3133.8968211478873
972,24.45,2842,3130.207356634571
973,24.47,2843,3126.503860988342
974,24.49,2801,3122.786417091221
975,24.51,2756,3119.0551080751998
976,24.53,2820,3115.3100173200473
977,24.55,2821,3111.5512284515867
978,24.57,2752,3107.7788253392278
979,24.59,2779,3103.992892093802
980,24.61,2745,3100.193513066007
981,24.63,2797,3096.3807728431893
982,24.65,2617,3092.554756248404
983,24.67,2675,3088.715548337411
984,24.69,2687,3084.8632343966574
985,24.71,2772,3080.997899941837
986,24.73,2708,3077.119630714463
987,24.75,2636,3073.2285126809993
988,24.77,2581,3069.324632029843
989,24.79,2594,3065.4080751694805
990,24.81,2695,3061.4789287264553
991,24.83,2670,3057.5372795428043
992,24.85,2679,3053.583214674156
993,24.87,2701,3049.616821387772
994,24.89,2609,3045.6381871595386
995,24.91,2668,3041.6473996729246
996,24.93,2676,3037.6445468157876
997,24.95,2536,3033.6297166790637
998,24.97,2605,3029.6029975539777
999,24.99,2543,3025.5644779296385
1000,25.01,2596,3021.5142464916694
1001,25.03,2553,3017.452392119634
1002,25.05,2570,3013.3790038841717
1003,25.07,2627,3009.294171046166
1004,25.09,2630,3005.1979830530063
1005,25.11,2556,3001.0905295379275
1006,25.13,2550,2996.9719003162263
1007,25.15,2573,2992.8421853845707
1008,25.17,2621,2988.7014749174996
1009,25.19,2510,2984.549859266039
1010,25.21,2554,2980.3874289551954
1011,25.23,2546,2976.2142746817303
1012,25.25,2480,2972.0304873117934
1013,25.27,2508,2967.8361578792296
1014,25.29,2567,2963.631377582675
1015,25.31,2476,2959.4162377837597
1016,25.33,2454,2955.190830004631
1017,25.35,2495,2950.9552459260967
1018,25.37,2556,2946.709577384942
1019,25.39,2514,2942.4539163723994
1020,25.41,2516,2938.188355030525
1021,25.43,2513,2933.9129856513355
1022,25.45,2545,2929.6279006742066
1023,25.47,2435,2925.3331926834144
1024,25.49,2467,2921.028954405938
1025,25.51,2404,2916.7152787091018
1026,25.53,2478,2912.392258598693
1027,25.55,2437,2908.0599872165712
1028,25.57,2487,2903.718557837876
1029,25.59,2413,2899.36806386981
1030,25.61,2437,2895.008598848542
1031,25.63,2409,2890.640256437205
1032,25.65,2402,2886.263130423712
1033,25.67,2427,2881.877314718776
1034,25.69,2438,2877.4829033525652
1035,25.71,2403,2873.079990473914
1036,25.73,2442,2868.668670347053
1037,25.75,2508,2864.2490373495466
1038,25.77,2487,2859.8211859704434
1039,25.79,2435,2855.3852108073092
1040,25.81,2425,2850.941206564642
1041,25.83,2351,2846.489268051053
1042,25.85,2431,2842.029490177559
1043,25.87,2421,2837.561967954698
1044,25.89,2401,2833.086796490654
1045,25.91,2407,2828.604070989135
1046,25.93,2366,2824.1138867462078
1047,25.95,2403,2819.6163391493587
1048,25.97,2365,2815.11152367431
1049,25.99,2418,2810.5995358828523
1050,26.01,2372,2806.0804714207356
1051,26.03,2417,2801.5544260153592
1052,26.05,2364,2797.0214954735466
1053,26.07,2465,2792.481775678932
1054,26.09,2326,2787.935362590165
1055,26.11,2365,2783.3823522383827
1056,26.13,2365,2778.822840725194
1057,26.15,2348,2774.2569242194963
1058,26.17,2354,2769.684698956287
1059,26.19,2381,2765.1062612342284
1060,26.21,2323,2760.521707412472
1061,26.23,2317,2755.931133909227
1062,26.25,2359,2751.3346371996754
1063,26.27,2393,2746.7323138124493
1064,26.29,2278,2742.124260328798
1065,26.31,2342,2737.5105733793284
1066,26.33,2296,2732.891349642056
1067,26.35,2352,2728.26668584046
1068,26.37,2286,2723.6366787403385
1069,26.39,2217,2719.001425148398
1070,26.41,2362,2714.361021909323
1071,26.43,2263,2709.7155659042546
1072,26.45,2317,2705.0651540472286
1073,26.47,2313,2700.4098832845925
1074,26.49,2305,2695.74985059088
1075,26.51,2304,2691.085152968387
1076,26.53,2258,2686.415887443288
1077,26.55,2254,2681.7421510641966
1078,26.57,2303,2677.064040899781
1079,26.59,2274,2672.381654036491
1080,26.61,2256,2667.695087575731
1081,26.63,2285,2663.0044386326936
1082,26.65,2201,2658.3098043328796
1083,26.67,2264,2653.6112818105607
1084,26.69,2297,2648.908968206206
1085,26.71,2300,2644.2029606640917
1086,26.73,2318,2639.4933563308878
1087,26.75,2240,2634.7802523518753
1088,26.77,2281,2630.0637458699453
1089,26.79,2273,2625.3439340225937
1090,26.81,2383,2620.620913939955
1091,26.83,2379,2615.8947827429834
1092,26.85,2283,2611.165637539813
1093,26.87,2273,2606.4335754249005
1094,26.89,2223,2601.6986934756146
1095,26.91,2201,2596.9610887513613
1096,26.93,2141,2592.2208582897656
1097,26.95,2250,2587.478099105408
1098,26.97,2293,2582.7329081870284
1099,26.99,2326,2577.985382495496
1100,27.01,2245,2573.2356189619845
1101,27.03,2332,2568.4837144842913
1102,27.05,2335,2563.729765926138
1103,27.07,2299,2558.9738701144174
1104,27.09,2221,2554.2161238361778
1105,27.11,2222,2549.4566238372
1106,27.13,2244,2544.6954668197322
1107,27.15,2155,2539.9327494395166
1108,27.17,2212,2535.168568304484
1109,27.19,2145,2530.4030199711888
1110,27.21,2180,2525.6362009443637
1111,27.23,2177,2520.868207672725
1112,27.25,2162,2516.0991365481336
1113,27.27,2185,2511.3290839028627
1114,27.29,2193,2506.5581460069075
1115,27.31,2196,2501.7864190665136
1116,27.33,2114,2497.0139992214586
1117,27.35,2228,2492.2409825428217
1118,27.37,2164,2487.4674650307315
1119,27.39,2207,2482.693542612278
1120,27.41,2138,2477.919311139184
1121,27.43,2182,2473.1448663854044
1122,27.45,2105,2468.3703040454225
1123,27.47,2220,2463.5957197312714
1124,27.49,2217,2458.821208970434
1125,27.51,2143,2454.0468672045126
1126,27.53,2247,2449.272789785665
1127,27.55,2270,2444.4990719749894
1128,27.57,2195,2439.725808940947
1129,27.59,2053,2434.953095755619
1130,27.61,2142,2430.181027394091
1131,27.63,2128,2425.4096987308517
1132,27.65,2193,2420.639204538727
1133,27.67,2158,2415.8696394859808
1134,27.69,2103,2411.1010981338304
1135,27.71,2138,2406.3336749352675
1136,27.73,2186,2401.5674642314993
1137,27.75,2114,2396.8025602514426
1138,27.77,2198,2392.039057107582
1139,27.79,2114,2387.2770487950556
1140,27.81,2153,2382.5166291896326
1141,27.83,2138,2377.7578920435294
1142,27.85,2183,2373.000930986216
1143,27.87,2094,2368.245839519782
1144,27.89,2098,2363.4927110179806
1145,27.91,2121,2358.741638723269
1146,27.93,2087,2353.9927157453317
1147,27.95,2088,2349.246035058599
1148,27.97,2100,2344.5016894997984
1149,27.99,2111,2339.759771765978
1150,28.01,2086,2335.020374412908
1151,28.03,2065,2330.283589851389
1152,28.05,2081,2325.5495103469216
1153,28.07,2120,2320.8182280164365
1154,28.09,2038,2316.089834825778
1155,28.11,2086,2311.36442258868
1156,28.13,2037,2306.642082963728
1157,28.15,2102,2301.9229074528166
1158,28.17,2128,2297.206987398234
1159,28.19,2073,2292.4944139810877
1160,28.21,2085,2287.785278219175
1161,28.23,2081,2283.079670964433
1162,28.25,2029,2278.3776829012
1163,28.27,2079,2273.6794045434
1164,28.29,2057,2268.984926233635
1165,28.31,2010,2264.2943381399045
1166,28.33,2117,2259.607730253329
1167,28.35,2049,2254.9251923877264
1168,28.37,1996,2250.2468141755785
1169,28.39,2047,2245.5726850667415
1170,28.41,2119,2240.9028943259455
1171,28.43,2024,2236.237531031213
1172,28.45,2129,2231.5766840724077
1173,28.47,2055,2226.9204421461727
1174,28.49,1997,2222.268893757918
1175,28.51,1973,2217.622127216312
1176,28.53,2086,2212.980230633298
1177,28.55,2082,2208.3432919209117
1178,28.57,2028,2203.7113987891535
1179,28.59,2005,2199.084638744725
1180,28.61,2025,2194.4630990889823
1181,28.63,2084,2189.8468669140984
1182,28.65,2016,2185.236029102936
1183,28.67,1993,2180.630672326529
1184,28.69,2012,2176.030883041344
1185,28.71,1928,2171.4367474878827
1186,28.73,1976,2166.848351687843
1187,28.75,1936,2162.2657814430995
1188,28.77,1994,2157.68912233319
1189,28.79,1930,2153.118459712999
1190,28.81,1985,2148.5538787109895
1191,28.83,2022,2143.995464226671
1192,28.85,2018,2139.443300929686
1193,28.87,2040,2134.897473256881
1194,28.89,2028,2130.3580654102743
1195,28.91,1932,2125.8251613550437
1196,28.93,2010,2121.298844818545
1197,28.95,2051,2116.779199286523
1198,28.97,2045,2112.266308002028
1199,28.99,1968,2107.7602539646373
1200,29.01,1965,2103.2611199257212
1201,29.03,1913,2098.7689883883504
1202,29.05,2069,2094.283941605732
1203,29.07,1960,2089.806061577301
1204,29.09,1881,2085.335430048816
1205,29.11,1939,2080.8721285078714
1206,29.13,1895,2076.4162381854794
1207,29.15,1964,2071.967840050214
1208,29.17,1993,2067.527014808882
1209,29.19,1909,2063.0938429039566
1210,29.21,1905,2058.6684045113248
1211,29.23,1882,2054.250779537774
1212,29.25,1883,2049.8410476206664
1213,29.27,1966,2045.4392881244617
1214,29.29,1923,2041.045580139294
1215,29.31,1862,2036.660002479477
1216,29.33,2021,2032.2826336808625
1217,29.35,1944,2027.9135519994584
1218,29.37,1944,2023.5528354092926
1219,29.39,1954,2019.200561600509
1220,29.41,1969,2014.8568079773859
1221,29.43,1908,2010.521651656191
1222,29.45,1921,2006.1951694643762
1223,29.47,1808,2001.8774379377187
1224,29.49,1922,1997.5685333176634
1225,29.51,1878,1993.2685315519211
1226,29.53,1896,1988.977508289831
1227,29.55,1873,1984.6955388825281
1228,29.57,1937,1980.4226983801032
1229,29.59,1923,1976.1590615295531
1230,29.61,1907,1971.9047027737556
1231,29.63,1921,1967.6596962489134
1232,29.65,1901,1963.4241157830606
1233,29.67,1925,1959.1980348946267
1234,29.69,1858,1954.9815267888725
1235,29.71,1870,1950.7746643583841
1236,29.73,1844,1946.5775201798906
1237,29.75,1921,1942.3901665128792
1238,29.77,1875,1938.2126752970967
1239,29.79,1839,1934.04511815158
1240,29.81,1903,1929.8875663734084
1241,29.83,1924,1925.7400909328899
1242,29.85,1800,1921.6027624768049
1243,29.87,1803,1917.4756513215384
1244,29.89,1831,1913.3588274541398
1245,29.91,1878,1909.252360530555
1246,29.93,1858,1905.156319872886
1247,29.95,1860,1901.0707744675747
1248,29.97,1821,1896.9957929646098
1249,29.99,1833,1892.9314436755649
1250,30.01,1888,1888.877794570913
1251,30.03,1896,1884.8349132789358
1252,30.05,1899,1880.8028670843878
1253,30.07,1858,1876.7817229265465
1254,30.09,1905,1872.7715473969974
1255,30.11,1807,1868.7724067378458
1256,30.13,1900,1864.7843668419127
1257,30.15,1857,1860.8074932478053
1258,30.17,1946,1856.8418511413242
1259,30.19,1822,1852.8875053516217
1260,30.21,1797,1848.9445203510718
1261,30.23,1843,1845.0129602524653
1262,30.25,1782,1841.0928888074095
1263,30.27,1811,1837.184369406345
1264,30.29,1832,1833.2874650744352
1265,30.31,1830,1829.4022384709415
1266,30.33,1769,1825.5287518889136
1267,30.35,1805,1821.6670672515816
1268,30.37,1808,1817.817246111675
1269,30.39,1795,1813.9793496492653
1270,30.41,1803,1810.1534386716207
1271,30.43,1828,1806.339573609464
1272,30.45,1795,1802.5378145171012
1273,30.47,1847,1798.7482210699159
1274,30.49,1698,1794.970852563698
1275,30.51,1884,1791.205767910954
1276,30.53,1927,1787.4530256429261
1277,30.55,1788,1783.71268390373
1278,30.57,1782,1779.9848004532805
1279,30.59,1810,1776.2694326616484
1280,30.61,1859,1772.566637510089
1281,30.63,1793,1768.8764715894063
1282,30.65,1739,1765.1989910962848
1283,30.67,1813,1761.534251834683
1284,30.69,1844,1757.8823092125663
1285,30.71,1835,1754.2432182405923
1286,30.73,1774,1750.6170335309193
1287,30.75,1813,1747.0038092948967
1288,30.77,1740,1743.4035993442467
1289,30.79,1809,1739.8164570854888
1290,30.81,1744,1736.2424355220787
1291,30.83,1802,1732.6815872507418
1292,30.85,1767,1729.1339644611362
1293,30.87,1733,1725.5996189339048
1294,30.89,1730,1722.0786020395035
1295,30.91,1775,1718.5709647368676
1296,30.93,1847,1715.076757571564
1297,30.95,1808,1711.5960306749607
1298,30.97,1759,1708.1288337617575
1299,30.99,1775,1704.6752161296909
1300,31.01,1764,1701.2352266588405
1301,31.03,1789,1697.8089138076007
1302,31.05,1757,1694.396325613629
1303,31.07,1788,1690.9975096919406
1304,31.09,1749,1687.6125132332213
1305,31.11,1772,1684.2413830022078
1306,31.13,1735,1680.8841653376357
1307,31.15,1688,1677.540906149667
1308,31.17,1785,1674.211650918678
1309,31.19,1660,1670.8964446943996
1310,31.21,1731,1667.5953320947983
1311,31.23,1828,1664.3083573041154
1312,31.25,1687,1661.0355640717166
1313,31.27,1755,1657.7769957110977
1314,31.29,1719,1654.5326950991716
1315,31.31,1706,1651.3027046732982
1316,31.33,1695,1648.0870664318954
1317,31.35,1640,1644.8858219315534
1318,31.37,1738,1641.6990122879147
1319,31.39,1699,1638.526678171362
1320,31.41,1634,1635.368859808771
1321,31.43,1717,1632.2255969817531
1322,31.45,1711,1629.096929022908
1323,31.47,1658,1625.9828948181007
1324,31.49,1742,1622.8835328029597
1325,31.51,1764,1619.7988809627993
1326,31.53,1733,1616.728976830825
1327,31.55,1682,1613.67385748718
1328,31.57,1780,1610.6335595582912
1329,31.59,1667,1607.6081192154743
1330,31.61,1640,1604.5975721728403
1331,31.63,1680,1601.601953686939
1332,31.65,1703,1598.6212985567481
1333,31.67,1678,1595.6556411205527
1334,31.69,1654,1592.7050152564377
1335,31.71,1608,1589.7694543791479
1336,31.73,1677,1586.8489914424856
1337,31.75,1719,1583.9436589345364
1338,31.77,1705,1581.0534888791065
1339,31.79,1670,1578.178512833514
1340,31.81,1619,1575.318761887695
1341,31.83,1690,1572.4742666634895
1342,31.85,1724,1569.6450573131156
1343,31.87,1612,1566.8311635194646
1344,31.89,1685,1564.0326144929998
1345,31.91,1616,1561.2494389730496
1346,31.93,1705,1558.481665223513
1347,31.95,1664,1555.7293210365622
1348,31.97,1621,1552.9924337279595
1349,31.99,1601,1550.271030137338
1350,32.01,1613,1547.5651366268135
1351,32.03,1687,1544.8747790815348
1352,32.05,1625,1542.1999829064366
1353,32.07,1655,1539.5407730275158
1354,32.09,1641,1536.8971738898292
1355,32.11,1571,1534.269209455349
1356,32.13,1597,1531.6569032058983
1357,32.15,1643,1529.0602781377793
1358,32.17,1591,1526.479356763549
1359,32.19,1640,1523.9141611113312
1360,32.21,1748,1521.3647127221384
1361,32.23,1665,1518.8310326504752
1362,32.25,1641,1516.3131414632585
1363,32.27,1668,1513.811059238948
1364,32.29,1703,1511.3248055668937
1365,32.31,1671,1508.8543995450127
1366,32.33,1624,1506.3998597816774
1367,32.35,1606,1503.961204393347
1368,32.37,1600,1501.5384510041129
1369,32.39,1574,1499.1316167438654
1370,32.41,1641,1496.7407182493366
1371,32.43,1659,1494.3657716629536
1372,32.45,1622,1492.0067926309027
1373,32.47,1591,1489.663796303036
1374,32.49,1606,1487.3367973337329
1375,32.51,1666,1485.0258098787706
1376,32.53,1639,1482.7308475951047
1377,32.55,1689,1480.4519236427063
1378,32.57,1605,1478.1890506800278
1379,32.59,1649,1475.9422408668215
1380,32.61,1619,1473.711505860966
1381,32.63,1606,1471.4968568193585
1382,32.65,1603,1469.2983043976008
1383,32.67,1668,1467.1158587459374
1384,32.69,1641,1464.9495295144081
1385,32.71,1667,1462.7993258471427
1386,32.73,1595,1460.6652563851087
1387,32.75,1616,1458.547329263238
1388,32.77,1635,1456.445552111512
1389,32.79,1676,1454.3599320538217
1390,32.81,1638,1452.2904757064287
1391,32.83,1578,1450.2371891795913
1392,32.85,1643,1448.2000780755557
1393,32.87,1648,1446.1791474882352
1394,32.89,1605,1444.1744020027947
1395,32.91,1595,1442.1858456956654
1396,32.93,1566,1440.2134821327668
1397,32.95,1587,1438.2573143713698
1398,32.97,1580,1436.317344957035
1399,32.99,1529,1434.3935759245346
1400,33.01,1628,1432.4860087979835
1401,33.03,1554,1430.5946445895395
1402,33.05,1568,1428.71948379857
1403,33.07,1627,1426.860526411783
1404,33.09,1568,1425.017771904574
1405,33.11,1540,1423.191219237601
1406,33.13,1601,1421.3808668581028
1407,33.15,1581,1419.5867126992268
1408,33.17,1620,1417.8087541801558
1409,33.19,1682,1416.0469882061586
1410,33.21,1559,1414.3014111664857
1411,33.23,1651,1412.5720189352744
1412,33.25,1550,1410.858806871369
1413,33.27,1547,1409.161769818204
1414,33.29,1535,1407.4809021027713
1415,33.31,1570,1405.8161975364474
1416,33.33,1592,1404.1676494131905
1417,33.35,1585,1402.5352505104895
1418,33.37,1601,1400.9189930895761
1419,33.39,1635,1399.3188688941257
1420,33.41,1662,1397.7348691502311
1421,33.43,1646,1396.1669845666888
1422,33.45,1603,1394.6152053353483
1423,33.47,1672,1393.0795211289928
1424,33.49,1632,1391.5599211028189
1425,33.51,1581,1390.056393896026
1426,33.53,1591,1388.5689276267242
1427,33.55,1539,1387.0975098964525
1428,33.57,1595,1385.64212778795
1429,33.59,1565,1384.20276786525
1430,33.61,1653,1382.7794161743996
1431,33.63,1646,1381.3720582433168
1432,33.65,1596,1379.9806790803957
1433,33.67,1703,1378.605263176049
1434,33.69,1687,1377.2457945016706
1435,33.71,1669,1375.902256510294
1436,33.73,1597,1374.5746321368952
1437,33.75,1587,1373.2629037973666
1438,33.77,1623,1371.967053388768
1439,33.79,1599,1370.687062289952
1440,33.81,1590,1369.4229113617248
1441,33.83,1552,1368.174580946517
1442,33.85,1607,1366.9420508685457
1443,33.87,1588,1365.725300432478
1444,33.89,1612,1364.5243084278648
1445,33.91,1556,1363.3390531233956
1446,33.93,1636,1362.1695122716735
1447,33.95,1575,1361.01566310766
1448,33.97,1642,1359.877482347949
1449,33.99,1624,1358.7549461934038
1450,34.01,1624,1357.6480303259511
1451,34.03,1643,1356.5567099128525
1452,34.05,1595,1355.480959602732
1453,34.07,1620,1354.4207535289556
1454,34.09,1598,1353.37606530845
1455,34.11,1605,1352.3468680427584
1456,34.13,1582,1351.3331343164784
1457,34.15,1551,1350.3348362009012
1458,34.17,1660,1349.351945250801
1459,34.19,1602,1348.3844325061034
1460,34.21,1574,1347.4322684930944
1461,34.23,1585,1346.495423224759
1462,34.25,1588,1345.5738661980315
1463,34.27,1570,1344.667566399296
1464,34.29,1557,1343.776492299845
1465,34.31,1647,1342.900611859722
1466,34.33,1577,1342.0398925256147
1467,34.35,1675,1341.1943012345741
1468,34.37,1624,1340.363804409744
1469,34.39,1612,1339.548367966445
1470,34.41,1661,1338.7479573064259
1471,34.43,1662,1337.9625373236872
1472,34.45,1673,1337.1920724030815
1473,34.47,1682,1336.4365264183732
1474,34.49,1627,1335.6958627374868
1475,34.51,1654,1334.970044219111
1476,34.53,1697,1334.2590332146776
1477,34.55,1633,1333.5627915692535
1478,34.57,1661,1332.8812806222638
1479,34.59,1758,1332.2144612065654
1480,34.61,1720,1331.5622936505756
1481,34.63,1756,1330.9247377780357
1482,34.65,1668,1330.301752910277
1483,34.67,1656,1329.693297863484
1484,34.69,1816,1329.0993309528078
1485,34.71,1746,1328.5198099914414
1486,34.73,1679,1327.954692292149
1487,34.75,1771,1327.4039346661923
1488,34.77,1667,1326.867493425682
1489,34.79,1758,1326.3453243840945
1490,34.81,1641,1325.8373828565564
1491,34.83,1790,1325.3436236615366
1492,34.85,1653,1324.8640011196655
1493,34.87,1686,1324.398469056546
1494,34.89,1654,1323.9469808029303
1495,34.91,1658,1323.5094891947099
1496,34.93,1627,1323.0859465757098
1497,34.95,1723,1322.676304795605
1498,34.97,1696,1322.2805152139963
1499,34.99,1616,1321.898528697695
1500,35.01,1583,1321.5302956263313
1501,35.03,1641,1321.1757658892375
1502,35.05,1615,1320.8348888876333
1503,35.07,1497,1320.5076135359102
1504,35.09,1616,1320.193888261706
1505,35.11,1554,1319.8936610083554
1506,35.13,1590,1319.606879234783
1507,35.15,1540,1319.3334899169508
1508,35.17,1583,1319.0734395479287
1509,35.19,1495,1318.8266741406674
1510,35.21,1600,1318.5931392281316
1511,35.23,1550,1318.3727798623156
1512,35.25,1553,1318.165540619294
1513,35.27,1588,1317.9713655975727
1514,35.29,1558,1317.790198420189
1515,35.31,1551,1317.6219822356654
1516,35.33,1553,1317.4666597180983
1517,35.35,1550,1317.3241730702205
1518,35.37,1517,1317.1944640235693
1519,35.39,1516,1317.0774738392652
1520,35.41,1615,1316.9731433091868
1521,35.43,1559,1316.8814127592111
1522,35.45,1495,1316.802222047642
1523,35.47,1619,1316.7355105681004
1524,35.49,1532,1316.6812172500458
1525,35.51,1537,1316.6392805603718
1526,35.53,1526,1316.6096385063092
1527,35.55,1574,1316.5922286319656
1528,35.57,1477,1316.5869880261016
1529,35.59,1494,1316.5938533183462
1530,35.61,1548,1316.6127606830128
1531,35.63,1564,1316.6436458389628
1532,35.65,1496,1316.6864440533511
1533,35.67,1499,1316.7410901408632
1534,35.69,1504,1316.8075184653203
1535,35.71,1518,1316.8856629424965
1536,35.73,1504,1316.975457040213
1537,35.75,1456,1317.0768337805318
1538,35.77,1404,1317.1897257416333
1539,35.79,1462,1317.314065056918
1540,35.81,1507,1317.4497834202846
1541,35.83,1494,1317.5968120837535
1542,35.85,1448,1317.7550818632703
1543,35.87,1544,1317.9245231366253
1544,35.89,1507,1318.1050658458362
1545,35.91,1468,1318.2966394997713
1546,35.93,1462,1318.4991731765226
1547,35.95,1456,1318.7125955213255
1548,35.97,1490,1318.936834752592
1549,35.99,1468,1319.171818661371
1550,36.01,1496,1319.4174746128679
1551,36.03,1471,1319.6737295483942
1552,36.05,1468,1319.940509987928
1553,36.07,1433,1320.217742031236
1554,36.09,1505,1320.505351359263
1555,36.11,1491,1320.8032632353381
1556,36.13,1526,1321.111402509102
1557,36.15,1414,1321.4296936170222
1558,36.17,1534,1321.7580605832584
1559,36.19,1479,1322.0964270234206
1560,36.21,1472,1322.444716145022
1561,36.23,1484,1322.8028507499318
1562,36.25,1384,1323.1707532361913
1563,36.27,1498,1323.5483455993226
1564,36.29,1457,1323.93554943504
1565,36.31,1442,1324.3322859413547
1566,36.33,1427,1324.7384759197737
1567,36.35,1434,1325.1540397773795
1568,36.37,1448,1325.5788975281262
1569,36.39,1468,1326.0129687991032
1570,36.41,1461,1326.4561728241915
1571,36.43,1428,1326.908428455713
1572,36.45,1426,1327.3696541591996
1573,36.47,1390,1327.8397680186483
1574,36.49,1450,1328.3186877384016
1575,36.51,1443,1328.8063306450574
1576,36.53,1494,1329.3026136885105
1577,36.55,1472,1329.8074534468508
1578,36.57,1445,1330.3207661255374
1579,36.59,1456,1330.8424675596043
1580,36.61,1469,1331.3724732209891
1581,36.63,1459,1331.9106982122757
1582,36.65,1512,1332.4570572758348
1583,36.67,1461,1333.0114647926753
1584,36.69,1363,1333.5738347876622
1585,36.71,1434,1334.1440809277824
1586,36.73,1345,1334.7221165275791
1587,36.75,1414,1335.3078545492328
1588,36.77,1446,1335.9012076080708
1589,36.79,1443,1336.5020879710403
1590,36.81,1442,1337.110407562124
1591,36.83,1423,1337.7260779635424
1592,36.85,1381,1338.349010417703
1593,36.87,1336,1338.9791158301837
1594,36.89,1393,1339.6163047721102
1595,36.91,1399,1340.2604874836125
1596,36.93,1429,1340.9115738736784
1597,36.95,1506,1341.5694735267928
1598,36.97,1413,1342.2340956998835
1599,36.99,1355,1342.905349330353
1600,37.01,1421,1343.583143035011
1601,37.03,1407,1344.267385113675
1602,37.05,1421,1344.957983554267
1603,37.07,1415,1345.654846029895
1604,37.09,1456,1346.3578799076822
1605,37.11,1399,1347.066992246864
1606,37.13,1421,1347.782089801945
1607,37.15,1403,1348.5030790285398
1608,37.17,1397,1349.2298660833162
1609,37.19,1430,1349.962356828083
1610,37.21,1434,1350.700456829754
1611,37.23,1344,1351.4440713669915
1612,37.25,1474,1352.1931054326528
1613,37.27,1442,1352.9474637310889
1614,37.29,1334,1353.7070506888904
1615,37.31,1394,1354.4717704509037
1616,37.33,1413,1355.2415268884495
1617,37.35,1362,1356.0162235988134
1618,37.37,1384,1356.7957639080742
1619,37.39,1375,1357.5800508776042
1620,37.41,1364,1358.3689873023272
1621,37.43,1364,1359.1624757150335
1622,37.45,1368,1359.960418393516
1623,37.47,1353,1360.7627173573132
1624,37.49,1346,1361.5692743749773
1625,37.51,1378,1362.3799909633708
1626,37.53,1346,1363.194768396456
1627,37.55,1442,1364.0135077028374
1628,37.57,1410,1364.8361096702881
1629,37.59,1394,1365.662474851434
1630,37.61,1391,1366.492503564761
1631,37.63,1386,1367.3260958945677
1632,37.65,1364,1368.163151702753
1633,37.67,1355,1369.0035706239435
1634,37.69,1421,1369.8472520700102
1635,37.71,1306,1370.6940952378206
1636,37.73,1369,1371.5439991073338
1637,37.75,1500,1372.3968624493825
1638,37.77,1416,1373.2525838212403
1639,37.79,1388,1374.1110615826356
1640,37.81,1337,1374.972193886307
1641,37.83,1369,1375.8358786866959
1642,37.85,1467,1376.702013747978
1643,37.87,1431,1377.5704966364822
1644,37.89,1407,1378.4412247351156
1645,37.91,1293,1379.314095240145
1646,37.93,1363,1380.189005166439
1647,37.95,1375,1381.0658513508592
1648,37.97,1427,1381.9445304573387
1649,37.99,1416,1382.8249389777538
1650,38.01,1381,1383.7069732355085
1651,38.03,1395,1384.5905293935764
1652,38.05,1402,1385.47550344978
1653,38.07,1404,1386.3617912493162
1654,38.09,1361,1387.2492884835985
1655,38.11,1352,1388.1378906931293
1656,38.13,1446,1389.0274932737589
1657,38.15,1367,1389.9179914780188
1658,38.17,1393,1390.8092804215473
1659,38.19,1408,1391.701255084415
1660,38.21,1399,1392.5938103141375
1661,38.23,1341,1393.4868408330967
1662,38.25,1393,1394.3802412387467
1663,38.27,1435,1395.2739060116014
1664,38.29,1375,1396.1677295117142
1665,38.31,1388,1397.0616059882916
1666,38.33,1378,1397.9554295846249
1667,38.35,1368,1398.8490943388997
1668,38.37,1338,1399.7424941855352
1669,38.39,1404,1400.6355229656351
1670,38.41,1390,1401.528074427019
1671,38.43,1432,1402.4200422286035
1672,38.45,1330,1403.311319941728
1673,38.47,1329,1404.2018010615402
1674,38.49,1330,1405.0913790038942
1675,38.51,1437,1405.9799471108447
1676,38.53,1365,1406.8673986570707
1677,38.55,1388,1407.7536268539568
1678,38.57,1346,1408.63852484941
1679,38.59,1340,1409.5219857368843
1680,38.61,1375,1410.403902557069
1681,38.63,1391,1411.2841683025583
1682,38.65,1372,1412.1626759205374
1683,38.67,1365,1413.0393183206922
1684,38.69,1408,1413.9139883763303
1685,38.71,1345,1414.7865789293446
1686,38.73,1379,1415.6569827935145
1687,38.75,1332,1416.5250927611241
1688,38.77,1402,1417.3908016063583
1689,38.79,1338,1418.2540020884223
1690,38.81,1418,1419.1145869566622
1691,38.83,1318,1419.9724489545745
1692,38.85,1325,1420.8274808269598
1693,38.87,1321,1421.6795753200306
1694,38.89,1374,1422.5286251878597
1695,38.91,1305,1423.374523197829
1696,38.93,1336,1424.2171621329958
1697,38.95,1375,1425.0564347980423
1698,38.97,1328,1425.892234024735
1699,38.99,1302,1426.7244526721543
1700,39.01,1287,1427.5529836376425
1701,39.03,1328,1428.3777198576083
1702,39.05,1343,1429.1985543097762
1703,39.07,1317,1430.0153800220085
1704,39.09,1302,1430.8280900777715
1705,39.11,1309,1431.6365776171465
1706,39.13,1369,1432.440735839906
1707,39.15,1321,1433.240458019107
1708,39.17,1335,1434.0356374956518
1709,39.19,1318,1434.826167688568
1710,39.21,1337,1435.6119421001201
1711,39.23,1353,1436.3928543168777
1712,39.25,1342,1437.1687980189195
1713,39.27,1412,1437.9396669805762
1714,39.29,1450,1438.7053550790492
1715,39.31,1425,1439.4657562977402
1716,39.33,1319,1440.220764729061
1717,39.35,1321,1440.970274582881
1718,39.37,1343,1441.7141801897378
1719,39.39,1251,1442.4523760073384
1720,39.41,1278,1443.1847566195736
1721,39.43,1395,1443.9112167535416
1722,39.45,1342,1444.6316512706765
1723,39.47,1363,1445.3459551816763
1724,39.49,1317,1446.054023649678
1725,39.51,1343,1446.755751989713
1726,39.53,1339,1447.4510356819994
1727,39.55,1339,1448.1397703725686
1728,39.57,1352,1448.8218518778165
1729,39.59,1350,1449.4971761938978
1730,39.61,1302,1450.1656394955025
1731,39.63,1365,1450.827138146548
1732,39.65,1320,1451.4815687069638
1733,39.67,1365,1452.1288279306914
1734,39.69,1328,1452.768812773755
1735,39.71,1286,1453.4014204069927
1736,39.73,1413,1454.0265482094132
1737,39.75,1332,1454.6440937823954
1738,39.77,1360,1455.2539549526643
1739,39.79,1330,1455.8560297764877
1740,39.81,1386,1456.4502165450426
1741,39.83,1347,1457.036413793857
1742,39.85,1356,1457.6145203011358
1743,39.87,1402,1458.18443510058
1744,39.89,1288,1458.7460574844501
1745,39.91,1248,1459.2992870069734
1746,39.93,1303,1459.8440234902362
1747,39.95,1342,1460.3801670345879
1748,39.97,1378,1460.9076180185994
1749,39.99,1361,1461.4262771057283
1750,40.01,1339,1461.9360452553717
1751,40.03,1339,1462.4368237206854
1752,40.05,1332,1462.928514059891
1753,40.07,1450,1463.411018140421
1754,40.09,1423,1463.8842381432964
1755,40.11,1322,1464.3480765722966
1756,40.13,1305,1464.802436256453
1757,40.15,1299,1465.2472203563075
1758,40.17,1381,1465.6823323725366
1759,40.19,1302,1466.1076761502427
1760,40.21,1315,1466.5231558821995
1761,40.23,1303,1466.9286761199087
1762,40.25,1285,1467.3241417760087
1763,40.27,1336,1467.7094581308627
1764,40.29,1333,1468.084530839773
1765,40.31,1308,1468.4492659378748
1766,40.33,1317,1468.8035698468898
1767,40.35,1291,1469.1473493817903
1768,40.37,1312,1469.4805117531876
1769,40.39,1238,1469.8029645787572
1770,40.41,1285,1470.1146158880522
1771,40.43,1259,1470.415374125901
1772,40.45,1294,1470.705148160697
1773,40.47,1312,1470.9838472905221
1774,40.49,1343,1471.2513812502248
1775,40.51,1347,1471.5076602146319
1776,40.53,1338,1471.7525948093923
1777,40.55,1322,1471.98609611469
1778,40.57,1230,1472.2080756721955
1779,40.59,1337,1472.4184454878016
1780,40.61,1396,1472.6171180461786
1781,40.63,1298,1472.8040063099556
1782,40.65,1295,1472.9790237283948
1783,40.67,1258,1473.142084246055
1784,40.69,1293,1473.293102306335
1785,40.71,1326,1473.4319928599996
1786,40.73,1386,1473.5586713694886
1787,40.75,1273,1473.673053816723
1788,40.77,1354,1473.775056711842
1789,40.79,1363,1473.864597099143
1790,40.81,1316,1473.94159255906
1791,40.83,1301,1474.005961218986
1792,40.85,1321,1474.0576217621135
1793,40.87,1289,1474.0964934293968
1794,40.89,1264,1474.1224960284042
1795,40.91,1337,1474.1355499398408
1796,40.93,1337,1474.1355761259533
1797,40.95,1352,1474.1224961377375
1798,40.97,1316,1474.0962321140887
1799,40.99,1215,1474.0567068017767
1800,41.01,1330,1474.0038435498261
1801,41.03,1319,1473.9375663250025
1802,41.05,1280,1473.857799716459
1803,41.07,1310,1473.7644689385113
1804,41.09,1258,1473.657499845797
1805,41.11,1278,1473.5368189314584
1806,41.13,1267,1473.4023533418092
1807,41.15,1310,1473.2540308777322
1808,41.17,1329,1473.0917800057493
1809,41.19,1305,1472.915529863672
1810,41.21,1286,1472.7252102671966
1811,41.23,1277,1472.5207517163005
1812,41.25,1269,1472.3020854079614
1813,41.27,1295,1472.0691432331819
1814,41.29,1315,1471.82185779669
1815,41.31,1324,1471.560162415243
1816,41.33,1301,1471.2839911246504
1817,41.35,1265,1470.9932786947888
1818,41.37,1315,1470.6879606313757
1819,41.39,1296,1470.3679731826242
1820,41.41,1212,1470.0332533489745
1821,41.43,1266,1469.6837388903202
1822,41.45,1307,1469.3193683345437
1823,41.47,1253,1468.9400809807853
1824,41.49,1241,1468.5458169122628
1825,41.51,1316,1468.1365170011888
1826,41.53,1314,1467.7121229144598
1827,41.55,1317,1467.2725771254877
1828,41.57,1311,1466.8178229195937
1829,41.59,1283,1466.3478044016542
1830,41.61,1327,1465.8624665043262
1831,41.63,1336,1465.361754993184
1832,41.65,1316,1464.845616481759
1833,41.67,1292,1464.3139984296615
1834,41.69,1358,1463.7668491567895
1835,41.71,1277,1463.2041178482557
1836,41.73,1315,1462.625754565713
1837,41.75,1257,1462.031710253375
1838,41.77,1318,1461.4219367399025
1839,41.79,1216,1460.7963867595424
1840,41.81,1276,1460.1550139457156
1841,41.83,1298,1459.4977728514807
1842,41.85,1241,1458.8246189488664
1843,41.87,1272,1458.1355086392412
1844,41.89,1249,1457.4303992638163
1845,41.91,1346,1456.7092491089752
1846,41.93,1222,1455.972017416466
1847,41.95,1278,1455.2186643884745
1848,41.97,1247,1454.4491511995468
1849,41.99,1217,1453.6634400044934
1850,42.01,1293,1452.8614939417098
1851,42.03,1253,1452.0432771473145
1852,42.05,1315,1451.2087547582712
1853,42.07,1256,1450.3578929296077
1854,42.09,1298,1449.4906588279207
1855,42.11,1232,1448.6070206575923
1856,42.13,1283,1447.7069476525332
1857,42.15,1294,1446.7904100967185
1858,42.17,1229,1445.8573793273674
1859,42.19,1291,1444.9078277412486
1860,42.21,1303,1443.9417288089078
1861,42.23,1289,1442.9590570814153
1862,42.25,1310,1441.959788193567
1863,42.27,1281,1440.943898881258
1864,42.29,1276,1439.91136698269
1865,42.31,1249,1438.8621714514159
1866,42.33,1285,1437.7962923620216
1867,42.35,1289,1436.7137109232037
1868,42.37,1291,1435.6144094796798
1869,42.39,1238,1434.4983715294438
1870,42.41,1267,1433.3655817235092
1871,42.43,1275,1432.2160258816339
1872,42.45,1226,1431.0496909993608
1873,42.47,1242,1429.86656525413
1874,42.49,1213,1428.6666380193087
1875,42.51,1154,1427.4498998673516
1876,42.53,1209,1426.2163425804865
1877,42.55,1278,1424.9659591654645
1878,42.57,1262,1423.6987438553665
1879,42.59,1274,1422.4146921166616
1880,42.61,1224,1421.1138006725002
1881,42.63,1254,1419.7960674918938
1882,42.65,1277,1418.4614918155223
1883,42.67,1232,1417.110074155017
1884,42.69,1252,1415.7418163079606
1885,42.71,1279,1414.3567213619938
1886,42.73,1206,1412.9547937084508
1887,42.75,1214,1411.5360390487783
1888,42.77,1210,1410.1004644050724
1889,42.79,1243,1408.648078129688
1890,42.81,1234,1407.1788899127826
1891,42.83,1219,1405.6929107942524
1892,42.85,1254,1404.1901531710805
1893,42.87,1247,1402.6706308077225
1894,42.89,1299,1401.1343588458553
1895,42.91,1258,1399.5813538141986
1896,42.93,1220,1398.0116336328342
1897,42.95,1256,1396.4252176318616
1898,42.97,1174,1394.8221265539396
1899,42.99,1208,1393.2023825688
1900,43.01,1198,1391.5660092755465
1901,43.03,1222,1389.913031721247
1902,43.05,1220,1388.243476404978
1903,43.07,1229,1386.5573712881248
1904,43.09,1253,1384.8547458060784
1905,43.11,1262,1383.135630877283
1906,43.13,1250,1381.4000589111724
1907,43.15,1230,1379.6480638200312
1908,43.17,1196,1377.8796810296756
1909,43.19,1235,1376.0949474851739
1910,43.21,1264,1374.2939016680016
1911,43.23,1191,1372.47658359559
1912,43.25,1269,1370.643034842904
1913,43.27,1254,1368.7932985434657
1914,43.29,1191,1366.9274194036925
1915,43.31,1219,1365.045443713907
1916,43.33,1199,1363.1474193533938
1917,43.35,1282,1361.2333958053548
1918,43.37,1202,1359.3034241642647
1919,43.39,1241,1357.3575571501617
1920,43.41,1234,1355.3958491125977
1921,43.43,1152,1353.418356043987
1922,43.45,1244,1351.4251355960675
1923,43.47,1181,1349.4162470753913
1924,43.49,1180,1347.391751467576
1925,43.51,1237,1345.3517114419224
1926,43.53,1209,1343.2961913639115
1927,43.55,1246,1341.2252573016192
1928,43.57,1211,1339.138977038335
1929,43.59,1199,1337.0374200881076
1930,43.61,1269,1334.920657695092
1931,43.63,1211,1332.7887628532212
1932,43.65,1258,1330.6418103184499
1933,43.67,1234,1328.4798766073964
1934,43.69,1215,1326.3030400226355
1935,43.71,1185,1324.1113806499936
1936,43.73,1215,1321.9049803814592
1937,43.75,1248,1319.6839229155166
1938,43.77,1218,1317.4482937757803
1939,43.79,1259,1315.198180314846
1940,43.81,1204,1312.9336717333642
1941,43.83,1263,1310.6548590812522
1942,43.85,1222,1308.361835277361
1943,43.87,1172,1306.0546951122121
1944,43.89,1192,1303.7335352687292
1945,43.91,1198,1301.398454325869
1946,43.93,1263,1299.0495527667715
1947,43.95,1171,1296.6869330006873
1948,43.97,1194,1294.3106993642925
1949,43.99,1219,1291.9209581370096
1950,44.01,1266,1289.517817553184
1951,44.03,1219,1287.1013878080703
1952,44.05,1261,1284.6717810767825
1953,44.07,1204,1282.2291115169119
1954,44.09,1206,1279.7734952853662
1955,44.11,1195,1277.3050505483343
1956,44.13,1180,1274.82389749469
1957,44.15,1225,1272.330158340392
1958,44.17,1182,1269.8239573493317
1959,44.19,1250,1267.305420837039
1960,44.21,1230,1264.774677186345
1961,44.23,1178,1262.2318568568153
1962,44.25,1175,1259.6770923959539
1963,44.27,1231,1257.110518454759
1964,44.29,1228,1254.5322717938477
1965,44.31,1239,1251.9424912966188
1966,44.33,1213,1249.3413179844506
1967,44.35,1294,1246.728895023737
1968,44.37,1254,1244.1053677401703
1969,44.39,1206,1241.4708836270668
1970,44.41,1163,1238.8255923638224
1971,44.43,1260,1236.169645820415
1972,44.45,1228,1233.5031980730137
1973,44.47,1240,1230.8264054165038
1974,44.49,1225,1228.139426371535
1975,44.51,1235,1225.442421704342
1976,44.53,1218,1222.7355544298175
1977,44.55,1313,1220.018989832119
1978,44.57,1236,1217.2928954704673
1979,44.59,1195,1214.5574411887692
1980,44.61,1206,1211.8127991372537
1981,44.63,1180,1209.0591437792896
1982,44.65,1164,1206.2966518989679
1983,44.67,1209,1203.5255026225398
1984,44.69,1277,1200.7458774237002
1985,44.71,1274,1197.9579601369978
1986,44.73,1175,1195.1619369719497
1987,44.75,1159,1192.3579965222873
1988,44.77,1237,1189.5463297851916
1989,44.79,1183,1186.7271301631006
1990,44.81,1212,1183.9005934845552
1991,44.83,1201,1181.0669180127695
1992,44.85,1185,1178.2263044605213
1993,44.87,1231,1175.3789559988895
1994,44.89,1213,1172.525078272349
1995,44.91,1225,1169.6648794112211
1996,44.93,1191,1166.798570047379
1997,44.95,1244,1163.9263633157095
1998,44.97,1214,1161.0484748815934
1999,44.99,1194,1158.1651229414372
2000,45.01,1146,1155.2765282432435
2001,45.03,1193,1152.3829140959213
2002,45.05,1156,1149.4845063811752
2003,45.07,1239,1146.581533566342
2004,45.09,1170,1143.6742267249213
2005,45.11,1125,1140.7628195356438
2006,45.13,1228,1137.8475483044053
2007,45.15,1143,1134.9286519775712
2008,45.17,1156,1132.0063721515346
2009,45.19,1178,1129.0809530873516
2010,45.21,1213,1126.15264172232
2011,45.23,1224,1123.22168768543
2012,45.25,1178,1120.2883433081229
2013,45.27,1191,1117.352863637502
2014,45.29,1171,1114.415506453551
2015,45.31,1149,1111.4765322728815
2016,45.33,1204,1108.536204375054
2017,45.35,1197,1105.5947888058631
2018,45.37,1097,1102.6525543919197
2019,45.39,1169,1099.7097727595756
2020,45.41,1151,1096.7667183400677
2021,45.43,1115,1093.8236683899004
2022,45.45,1229,1090.8809030010339
2023,45.47,1248,1087.938705114533
2024,45.49,1126,1084.9973605342043
2025,45.51,1171,1082.0571579389625
2026,45.53,1087,1079.1183889022045
2027,45.55,1085,1076.181347895104
2028,45.57,1165,1073.2463323097659
2029,45.59,1144,1070.3136424676634
2030,45.61,1147,1067.3835816338947
2031,45.63,1162,1064.4564560309
2032,45.65,1149,1061.532574856862
2033,45.67,1142,1058.6122502923456
2034,45.69,1148,1055.6957975179394
2035,45.71,1160,1052.78353472708
2036,45.73,1189,1049.8757831407113
2037,45.75,1152,1046.9728670236357
2038,45.77,1189,1044.075113687675
2039,45.79,1086,1041.1828535224467
2040,45.81,1160,1038.2964199956814
2041,45.83,1106,1035.416149672568
2042,45.85,1140,1032.5423822324012
2043,45.87,1172,1029.6754604740083
2044,45.89,1174,1026.8157303394523
2045,45.91,1182,1023.9635409254574
2046,45.93,1098,1021.1192444905341
2047,45.95,1119,1018.2831964811271
2048,45.97,1107,1015.4557555382432
2049,45.99,1149,1012.6372835114121
2050,46.01,1117,1009.828145477635
2051,46.03,1115,1007.0287097498642
2052,46.05,1094,1004.2393478987531
2053,46.07,1122,1001.4604347589136
2054,46.09,1110,998.692348452573
2055,46.11,1127,995.9354703917093
2056,46.13,1121,993.1901853090337
2057,46.15,1114,990.4568812542402
2058,46.17,1081,987.7359496242987
2059,46.19,1153,985.0277851676585
2060,46.21,1078,982.3327860088011
2061,46.23,1122,979.65135364859
2062,46.25,1070,976.9838929940206
2063,46.27,1053,974.330812367738
2064,46.29,1142,971.6925235121623
2065,46.31,1151,969.0694416239603
2066,46.33,1085,966.4619853537697
2067,46.35,1137,963.87057682777
2068,46.37,1105,961.2956416584402
2069,46.39,1065,958.7376089674628
2070,46.41,1094,956.1969113900207
2071,46.43,1150,953.6739850984238
2072,46.45,1071,951.1692698119532
2073,46.47,1115,948.6832088159615
2074,46.49,1170,946.2162489745899
2075,46.51,1090,943.7688407464414
2076,46.53,1096,941.3414381985986
2077,46.55,1068,938.9344990268087
2078,46.57,1135,936.5484845632006
2079,46.59,1106,934.1838597992285
2080,46.61,1144,931.8410933936182
2081,46.63,1082,929.5206576957805
2082,46.65,1130,927.2230287538514
2083,46.67,1075,924.9486863334473
2084,46.69,1150,922.698113937375
2085,46.71,1176,920.4717988136936
2086,46.73,1070,918.2702319730863
2087,46.75,1093,916.0939082112932
2088,46.77,1063,913.9433261136069
2089,46.79,1075,911.8189880769544
2090,46.81,1105,909.7214003319641
2091,46.83,1106,907.6510729465235
2092,46.85,1090,905.6085198441051
2093,46.87,1064,903.5942588299974
2094,46.89,1118,901.608811593195
2095,46.91,1119,899.6527037343415
2096,46.93,1095,897.726464772004
2097,46.95,1113,895.8306281608172
2098,46.97,1063,893.9657313146754
2099,46.99,1061,892.1323156156523
2100,47.01,1087,890.3309264324257
2101,47.03,1093,888.5621131356991
2102,47.05,1112,886.8264291104965
2103,47.07,1067,885.1244317835763
2104,47.09,1034,883.456682627447
2105,47.11,1016,881.8237471858752
2106,47.13,1088,880.2261950814923
2107,47.15,1050,878.664600038411
2108,47.17,1050,877.1395399006365
2109,47.19,1085,875.651596639485
2110,47.21,1072,874.2013563779685
2111,47.23,1034,872.789409402697
2112,47.25,1108,871.4163501848875
2113,47.27,1048,870.082777392947
2114,47.29,993,868.789293911597
2115,47.31,1042,867.53650685817
2116,47.33,1014,866.3250275902417
2117,47.35,1069,865.1554717455549
2118,47.37,1034,864.0284592282148
2119,47.39,1031,862.9446142531285
2120,47.41,1029,861.9045653406349
2121,47.43,1025,860.9089453536305
2122,47.45,1019,859.9583914991756
2123,47.47,1068,859.053545348221
2124,47.49,1017,858.1950528569646
2125,47.51,1053,857.3835643840077
2126,47.53,974,856.619734697468
2127,47.55,996,855.9042230131597
2128,47.57,1065,855.2376929845309
2129,47.59,1018,854.6208127420041
2130,47.61,1023,854.0542548976271
2131,47.63,1042,853.538696569994
2132,47.65,1005,853.0748193923155
2133,47.67,1033,852.6633095388661
2134,47.69,995,852.3048577388677
2135,47.71,1090,852.0001592931551
2136,47.73,1001,851.7499140890532
2137,47.75,1081,851.5548266268152
2138,47.77,971,851.4156060253599
2139,47.79,1012,851.3329660495663
2140,47.81,985,851.3076251199843
2141,47.83,989,851.3403063394837
2142,47.85,1036,851.4317374965387
2143,47.87,1012,851.5826511037005
2144,47.89,1046,851.7937843953923
2145,47.91,968,852.0658793543919
2146,47.93,1009,852.3996827340065
2147,47.95,1020,852.7959460658781
2148,47.97,1006,853.2554256831909
2149,47.99,1067,853.7788827402876
2150,48.01,986,854.3670832272769
2151,48.03,1029,855.0207979889019
2152,48.05,1043,855.7408027441415
2153,48.07,991,856.5278781048944
2154,48.09,973,857.3828095861475
2155,48.11,1016,858.3063876313029
2156,48.13,989,859.2994076360278
2157,48.15,1006,860.3626699515803
2158,48.17,988,861.4969799134515
2159,48.19,1049,862.7031478618374
2160,48.21,957,863.9819891473137
2161,48.23,979,865.3343241596087
2162,48.25,969,866.7609783461835
2163,48.27,1009,868.2627822224078
2164,48.29,975,869.8405714054477
2165,48.31,957,871.4951866107506
2166,48.33,1011,873.2274736924223
2167,48.35,1005,875.0382836477049
2168,48.37,996,876.9284726354888
2169,48.39,1020,878.8989020084734
2170,48.41,962,880.9504383168987
2171,48.43,974,883.0839533324638
2172,48.45,996,885.3003240700025
2173,48.47,956,887.6004328040135
2174,48.49,932,889.9851670868209
2175,48.51,1004,892.455419769273
2176,48.53,969,895.0120890152955
2177,48.55,969,897.6560783266559
2178,48.57,952,900.3882965551838
2179,48.59,966,903.2096579296583
2180,48.61,1007,906.1210820764643
2181,48.63,933,909.1234940192944
2182,48.65,1028,912.2178242265134
2183,48.67,1045,915.4050086061011
2184,48.69,982,918.6859885383892
2185,48.71,914,922.0617108949607
2186,48.73,954,925.5331280500038
2187,48.75,997,929.1011979036598
2188,48.77,986,932.7668839105925
2189,48.79,969,936.531155080711
2190,48.81,984,940.3949860154617
2191,48.83,1040,944.3593569182433
2192,48.85,1007,948.4252536171991
2193,48.87,978,952.5936675817998
2194,48.89,988,956.8655959447358
2195,48.91,961,961.2420415304391
2196,48.93,957,965.7240128509766
2197,48.95,988,970.3125241551138
2198,48.97,967,975.0085954194778
2199,48.99,930,979.8132523963645
2200,49.01,982,984.7275266080501
2201,49.03,953,989.752455384202
2202,49.05,982,994.8890818761147
2203,49.07,965,1000.1384550760934
2204,49.09,957,1005.5016298350095
2205,49.11,943,1010.9796668859512
2206,49.13,958,1016.5736328692426
2207,49.15,1028,1022.2846003364193
2208,49.17,1011,1028.1136477882203
2209,49.19,1041,1034.0618596881488
2210,49.21,1019,1040.1303264752455
2211,49.23,943,1046.3201445995435
2212,49.25,983,1052.6324165267638
2213,49.27,976,1059.0682507659058
2214,49.29,957,1065.6287618952829
2215,49.31,945,1072.3150705693715
2216,49.33,908,1079.1283035568101
2217,49.35,1009,1086.0695937421497
2218,49.37,1001,1093.1400801575683
2219,49.39,1004,1100.3409080076556
2220,49.41,930,1107.6732286745168
2221,49.43,987,1115.1381997523506
2222,49.45,931,1122.7369850630816
2223,49.47,942,1130.470754676872
2224,49.49,875,1138.340684934482
2225,49.51,959,1146.3479584670133
2226,49.53,957,1154.493764212846
2227,49.55,965,1162.779297453356
2228,49.57,883,1171.205759806686
2229,49.59,926,1179.774359280251
2230,49.61,953,1188.4863102703466
2231,49.63,946,1197.3428335863236
2232,49.65,964,1206.3451564796587
2233,49.67,944,1215.4945126610742
2234,49.69,836,1224.7921423198154
2235,49.71,948,1234.2392921443945
2236,49.73,937,1243.8372153468927
2237,49.75,973,1253.5871716806878
2238,49.77,900,1263.4904274675082
2239,49.79,941,1273.5482556153413
2240,49.81,910,1283.7619356331318
2241,49.83,876,1294.1327536741553
2242,49.85,1008,1304.6620025257403
2243,49.87,931,1315.3509816560404
2244,49.89,923,1326.2009972259618
2245,49.91,951,1337.213362113541
2246,49.93,948,1348.3893959278369
2247,49.95,1008,1359.7304250433972
2248,49.97,963,1371.23778261754
2249,49.99,975,1382.9128085998657
