,known_index,unknown_index,ssr
0,1,10,1405518244.3303003
1,2,10,619409626.6055055
2,3,10,1174022003.0118768
3,4,10,1103959761.584863
4,5,10,998209648.4591656
5,6,10,1598199950.195302
6,7,10,674738936.8347679
7,8,10,1488725926.6954122
8,9,10,1400848907.7725294
9,1,11,1146369431.203116
10,2,11,1856550209.076414
11,3,11,796957956.2853427
12,4,11,1796957384.9445739
13,5,11,1694471798.889628
14,6,11,1366274151.1224444
15,7,11,3300216289.8201275
16,8,11,1032639787.1766723
17,9,11,1743819324.640648
18,1,12,1559557610.7245862
19,2,12,2721206388.7187276
20,3,12,3303927120.3351583
21,4,12,1028727840.1976203
22,5,12,1741088118.7591999
23,6,12,1555808180.3174934
24,7,12,2725304300.3299656
25,8,12,2909544671.621481
26,9,12,819597797.0695584
27,1,13,1394394178.3030539
28,2,13,1229534734.9727077
29,3,13,2366044934.395694
30,4,13,2389907363.162619
31,5,13,940373224.4874866
32,6,13,2773921374.4989223
33,7,13,2603872367.989175
34,8,13,1902184689.4836254
35,9,13,2626071853.7810698
36,1,14,1061001602.835216
37,2,14,3215643605.948041
38,3,14,3031335202.3513527
39,4,14,2104687198.0439267
40,5,14,2648910227.8552666
41,6,14,1085783145.613153
42,7,14,3162765619.5210285
43,8,14,2978744232.167252
44,9,14,2137659627.1448593
